x,y,1,2,3,4
0,0,16,0,0,0
0,1,7,0,0,0
0,86,3,0,0,3
0,87,10,0,0,0
0,88,16,0,0,0
0,89,31,6,0,0
0,90,42,0,0,0
0,91,37,7,0,0
0,92,29,0,0,0
0,93,36,0,0,0
0,94,24,7,0,0
0,95,29,6,0,0
0,96,42,6,0,0
0,97,39,3,3,3
0,98,22,3,6,3
0,99,16,3,0,0
0,100,30,0,0,0
0,101,40,3,0,0
0,102,6,0,0,0
0,115,10,3,0,0
0,116,20,3,0,0
1,0,25,0,0,0
1,1,19,0,0,0
1,60,3,0,0,0
1,89,8,0,0,0
1,90,8,0,0,0
1,91,3,0,0,0
1,92,7,0,0,0
1,93,18,6,0,0
1,94,41,6,0,0
1,95,45,0,0,0
1,96,37,0,4,0
1,97,9,0,0,0
1,98,30,0,0,0
1,99,14,0,7,3
1,100,11,0,0,0
1,101,41,6,0,7
1,102,22,4,0,0
1,103,26,0,0,0
1,104,41,0,0,0
1,105,16,0,0,0
1,115,20,6,0,0
1,116,29,0,0,0
1,121,33,4,3,0
1,122,10,0,6,0
2,0,21,3,0,0
2,18,3,0,0,3
2,19,3,0,0,0
2,86,7,3,0,0
2,87,16,3,0,0
2,88,13,4,3,0
2,89,5,0,0,0
2,90,23,0,0,0
2,91,18,3,0,0
2,92,35,0,4,0
2,93,18,0,3,0
2,94,32,0,0,0
2,95,37,3,0,3
2,96,15,0,6,0
2,98,9,3,0,0
2,99,34,5,9,3
2,100,21,0,9,3
2,101,16,5,7,7
2,102,27,3,5,0
2,103,29,0,0,0
2,104,40,4,0,0
2,105,6,0,0,0
2,115,26,0,0,0
2,116,19,0,0,0
2,120,10,0,0,0
2,121,43,3,0,0
2,122,15,0,0,0
3,2,4,0,0,0
3,15,12,3,0,0
3,16,8,0,0,0
3,17,7,0,0,3
3,18,19,3,3,0
3,19,15,0,0,0
3,20,3,0,0,0
3,59,3,0,0,0
3,86,8,0,0,0
3,88,3,0,3,0
3,89,8,0,0,0
3,90,45,0,0,0
3,91,49,0,0,3
3,92,40,0,0,0
3,93,32,3,10,0
3,94,29,0,0,7
3,95,39,0,3,0
3,96,7,0,0,0
3,100,39,0,5,0
3,101,3,0,0,0
3,102,11,0,0,0
3,103,16,3,0,0
3,104,6,0,0,0
3,114,15,0,0,0
3,115,26,0,0,0
3,120,19,0,0,0
3,121,8,6,0,0
4,15,22,0,0,0
4,16,18,0,0,0
4,17,17,3,0,0
4,18,18,3,0,6
4,19,38,6,0,0
4,20,17,0,0,0
4,53,3,0,0,0
4,55,3,0,0,0
4,90,3,0,0,0
4,91,17,0,0,0
4,92,12,0,0,0
4,93,32,3,0,0
4,94,10,0,0,0
4,95,25,4,0,0
4,97,4,0,0,0
4,98,3,0,0,0
4,99,3,0,0,0
4,100,5,0,0,0
4,114,13,0,0,0
4,120,15,0,0,0
4,121,3,3,0,0
4,122,3,0,0,0
5,15,13,0,0,0
5,16,22,0,0,0
5,17,16,3,0,0
5,18,27,0,0,0
5,19,16,0,0,0
5,20,32,6,0,0
5,56,3,0,0,0
5,65,3,0,0,0
5,95,8,0,0,0
5,96,9,0,0,0
5,98,3,0,0,0
5,99,0,3,0,0
5,113,13,0,0,0
5,114,41,3,0,0
5,115,7,0,16,0
5,119,0,0,0,3
5,120,7,5,0,3
5,121,34,7,0,0
5,122,42,20,3,0
5,123,24,7,0,0
5,125,0,15,28,3
5,126,3,0,20,0
6,0,4,0,0,0
6,16,14,0,0,0
6,17,12,0,0,0
6,18,16,0,0,5
6,19,3,0,0,0
6,20,26,0,0,0
6,21,13,0,0,0
6,63,3,0,0,0
6,64,3,0,0,0
6,107,6,0,0,0
6,113,9,0,0,0
6,114,42,0,0,0
6,115,57,0,80,0
6,116,24,0,0,0
6,117,10,0,0,0
6,120,22,0,0,3
6,121,20,3,17,0
6,122,3,5,6,0
6,123,43,0,0,0
6,124,0,3,7,0
6,125,5,31,141,19
6,126,43,31,109,16
6,127,19,11,54,7
7,15,7,0,0,0
7,16,23,0,0,0
7,17,6,0,0,0
7,18,3,0,0,3
7,19,28,0,0,0
7,20,24,0,0,0
7,21,9,0,0,0
7,48,3,0,0,0
7,62,8,3,0,0
7,63,7,0,0,0
7,108,3,0,0,0
7,109,4,0,0,0
7,110,3,0,0,6
7,111,3,0,0,0
7,113,13,0,0,0
7,114,41,0,0,0
7,115,0,0,161,0
7,116,0,60,47,0
7,117,115,0,71,0
7,118,11,3,119,0
7,119,36,0,0,0
7,120,15,0,26,3
7,121,45,0,0,0
7,122,41,0,0,3
7,123,18,0,0,0
7,124,3,0,18,27
7,125,112,11,84,0
7,126,15,22,88,0
7,127,40,6,0,0
8,15,3,0,0,0
8,16,3,0,0,0
8,18,22,0,0,3
8,19,3,0,0,3
8,57,3,0,0,0
8,58,7,0,0,0
8,60,6,0,0,0
8,61,9,0,0,0
8,79,15,0,0,0
8,80,8,0,0,0
8,112,7,0,5,0
8,113,24,0,5,0
8,114,37,0,0,0
8,115,19,4,129,0
8,116,19,38,104,0
8,117,63,25,22,0
8,118,48,37,34,0
8,119,48,0,0,0
8,120,77,12,42,4
8,121,11,86,175,0
8,122,33,18,86,0
8,123,7,4,0,0
8,124,17,0,55,8
8,125,145,0,71,0
8,126,59,5,23,0
8,127,24,0,51,11
9,18,3,0,0,0
9,31,3,0,0,0
9,32,4,0,0,0
9,57,9,0,0,0
9,58,14,0,0,0
9,59,6,0,0,0
9,60,6,0,0,0
9,79,10,0,0,0
9,106,6,0,0,0
9,112,58,0,4,0
9,113,25,0,23,0
9,114,24,0,38,6
9,115,32,12,0,0
9,116,67,0,47,7
9,117,15,0,56,3
9,118,29,19,43,3
9,119,30,0,4,0
9,120,19,16,78,3
9,121,37,28,112,0
9,122,3,63,38,0
9,123,0,0,6,0
9,124,67,0,152,24
9,125,40,3,179,0
9,126,8,24,76,14
9,127,6,34,72,79
10,17,3,0,0,0
10,18,6,0,0,0
10,19,12,0,0,0
10,20,3,0,0,0
10,32,3,0,0,0
10,33,3,0,0,0
10,34,3,0,0,0
10,35,9,0,0,0
10,36,9,0,0,0
10,57,7,0,0,3
10,58,3,0,0,0
10,79,17,3,0,0
10,106,3,0,0,0
10,114,3,0,0,0
10,115,22,0,0,0
10,116,8,0,0,0
10,117,10,0,0,0
10,118,23,11,3,0
10,119,28,0,0,0
10,120,40,0,3,0
10,121,46,0,45,0
10,122,0,0,6,0
10,123,0,26,103,6
10,124,33,42,200,19
10,125,34,11,105,3
10,126,68,6,25,0
10,127,33,14,0,18
11,17,4,0,0,0
11,19,6,3,0,0
11,33,8,0,0,0
11,34,6,3,0,0
11,35,9,0,0,0
11,78,6,0,0,0
11,79,7,0,0,0
11,80,3,0,0,0
11,106,6,0,0,0
11,118,0,0,0,3
11,119,54,20,34,8
11,120,46,6,21,0
11,121,6,0,35,0
11,122,0,0,31,3
11,123,28,0,326,17
11,124,75,8,51,23
11,125,39,28,222,4
11,126,102,24,81,7
11,127,127,26,0,3
12,17,22,0,3,0
12,18,8,0,0,0
12,19,3,3,0,0
12,35,23,0,0,0
12,95,0,0,0,3
12,111,4,0,0,0
12,116,0,28,53,0
12,117,0,7,0,0
12,118,3,0,0,0
12,119,10,0,3,0
12,120,38,21,95,5
12,121,26,0,31,37
12,122,24,3,87,14
12,123,82,4,49,6
12,124,80,0,88,9
12,125,30,11,7,0
12,126,98,15,139,42
12,127,135,15,31,17
13,17,29,6,0,0
13,35,8,0,0,0
13,36,14,0,0,0
13,37,9,0,0,3
13,38,20,0,0,0
13,78,4,3,0,0
13,95,3,0,0,0
13,105,3,0,0,0
13,106,3,0,0,0
13,115,0,8,27,0
13,116,0,8,247,0
13,117,0,33,156,0
13,118,0,6,0,0
13,119,60,9,23,9
13,120,59,13,37,87
13,121,40,3,98,48
13,122,3,3,14,3
13,123,30,3,4,4
13,124,173,11,29,7
13,125,125,3,3,0
13,126,115,28,74,45
13,127,158,18,27,19
14,17,3,0,0,0
14,36,9,0,0,0
14,37,24,0,0,3
14,38,4,0,0,0
14,106,3,0,0,0
14,116,0,13,109,0
14,117,34,27,129,0
14,118,14,12,42,0
14,119,29,63,44,12
14,120,7,45,88,0
14,121,0,3,0,0
14,124,43,7,35,10
14,125,130,3,57,43
14,126,99,0,35,12
14,127,24,0,0,0
15,37,10,0,0,0
15,38,4,0,0,0
15,94,3,0,0,0
15,105,3,0,0,0
15,117,17,14,69,0
15,118,11,26,63,4
15,119,12,38,124,0
15,120,0,0,10,0
15,122,0,0,0,3
15,123,0,0,0,7
15,124,0,0,0,3
15,125,6,0,6,0
15,126,14,0,19,0
15,127,6,0,0,0
16,75,0,3,0,0
16,76,3,0,0,0
16,79,3,0,0,0
16,93,3,0,0,0
16,94,11,0,0,0
16,110,3,0,0,0
16,114,0,0,3,0
16,121,0,0,9,3
17,93,3,0,0,0
17,94,6,0,0,0
17,110,9,3,0,0
17,120,0,0,4,0
17,125,5,0,0,0
18,78,4,0,0,0
18,79,3,0,0,0
18,93,3,0,0,0
18,104,3,0,0,0
18,111,0,0,0,5
18,112,4,0,0,0
18,115,5,0,0,0
19,79,3,0,0,0
19,92,6,0,0,0
19,93,3,0,0,0
19,104,3,0,0,0
19,110,27,3,0,0
19,111,28,0,0,0
19,112,27,0,0,0
19,113,39,3,0,0
19,114,27,0,0,3
19,115,8,0,0,0
20,60,3,0,0,0
20,62,3,0,0,0
20,79,3,0,0,0
20,103,3,0,0,0
20,107,3,0,0,0
20,108,43,0,0,3
20,109,19,3,3,0
20,110,33,3,31,0
20,111,10,17,13,6
20,112,34,3,0,0
20,113,43,3,0,0
20,114,26,5,0,0
20,115,20,11,0,0
21,9,6,0,0,0
21,11,3,0,0,0
21,52,3,0,0,0
21,91,3,0,0,0
21,92,3,0,0,0
21,103,24,0,0,0
21,104,15,0,0,0
21,107,14,4,0,0
21,108,42,0,6,3
21,109,6,0,36,0
21,110,24,6,22,3
21,111,0,0,136,3
21,112,10,14,65,0
21,113,18,8,0,0
21,114,17,0,0,0
22,51,3,0,0,0
22,52,3,0,0,0
22,80,3,0,0,0
22,102,3,0,0,0
22,104,22,0,0,0
22,105,35,0,0,0
22,106,3,3,0,0
22,107,7,0,0,0
22,108,12,0,0,0
22,109,24,4,6,0
22,110,12,3,0,3
22,111,28,0,42,0
22,112,25,8,7,0
22,113,12,0,0,0
22,114,0,5,0,0
23,7,3,0,0,0
23,39,3,0,0,0
23,67,3,0,0,0
23,90,3,0,0,0
23,92,3,0,0,0
23,101,3,0,0,0
23,104,3,0,0,0
23,105,29,0,0,0
23,106,41,0,6,0
23,107,6,3,0,0
23,109,13,0,0,0
23,112,7,0,0,0
24,51,6,0,0,0
24,60,3,0,0,0
24,106,19,0,0,0
24,107,7,0,0,0
24,108,12,0,0,0
24,109,3,0,0,0
25,79,3,0,0,0
25,89,6,0,0,0
25,105,4,0,0,0
25,107,11,0,0,0
25,108,8,0,0,0
26,3,3,0,0,0
26,59,6,0,0,0
26,73,6,0,0,0
26,74,3,0,0,0
26,77,3,0,0,0
26,88,3,0,0,0
26,105,3,0,0,0
26,107,22,0,0,0
27,5,3,0,0,0
27,59,3,0,0,0
27,88,3,0,0,0
27,106,6,0,0,0
27,107,9,0,0,0
28,79,3,0,0,0
28,87,3,0,0,0
28,99,3,0,0,0
28,100,3,0,0,0
29,33,3,0,0,0
29,48,3,0,0,0
29,87,20,0,0,0
29,88,3,0,0,0
29,99,3,0,0,0
29,105,5,0,0,0
30,32,3,0,0,0
30,33,3,0,0,0
30,86,20,0,0,0
30,87,34,4,0,0
30,88,38,0,0,0
30,89,26,3,0,0
30,90,6,0,0,0
31,29,4,0,0,3
31,32,3,0,0,0
31,33,4,3,0,0
31,85,14,3,0,0
31,86,34,0,0,0
31,87,6,3,0,0
31,88,5,0,0,0
31,89,27,0,0,0
31,90,6,3,0,0
31,99,3,0,0,0
31,105,3,0,0,0
32,30,3,0,0,0
32,33,10,0,0,0
32,85,6,0,0,0
32,86,33,7,0,7
32,87,23,3,0,0
32,102,3,0,0,0
33,30,3,0,0,0
33,31,0,0,0,3
33,32,10,0,0,0
33,33,20,3,0,0
33,85,33,19,12,0
33,86,30,6,0,0
33,87,32,4,0,0
33,97,4,0,0,0
33,101,3,0,0,0
33,102,16,0,0,0
33,103,26,0,0,0
33,104,3,0,0,0
34,33,8,0,0,0
34,34,7,0,0,0
34,85,11,0,0,0
34,97,14,0,0,0
34,100,6,0,0,0
34,101,35,3,4,0
34,102,58,0,0,0
34,103,29,0,0,0
35,50,3,0,0,0
35,84,3,0,0,0
35,85,6,0,0,0
35,94,4,3,0,0
35,95,21,14,0,3
35,96,23,7,0,0
35,97,44,3,0,0
35,98,55,0,0,0
35,99,13,0,0,0
35,100,15,0,0,0
35,101,27,0,0,0
35,102,51,0,0,3
35,103,10,0,0,0
36,50,3,0,0,0
36,52,3,0,0,0
36,53,5,0,0,0
36,84,3,0,0,0
36,94,5,0,0,0
36,95,33,3,0,0
36,96,34,4,0,0
36,97,36,0,0,0
36,98,46,3,3,0
36,99,59,0,3,0
36,100,44,0,0,3
36,101,35,0,0,0
36,102,4,0,0,0
37,53,11,0,0,0
37,54,10,4,0,0
37,55,7,0,0,0
37,77,3,0,0,0
37,78,7,0,0,0
37,83,6,0,0,0
37,95,4,0,0,0
37,96,15,0,0,0
37,97,35,0,0,0
37,98,14,0,0,0
37,99,49,3,0,0
37,100,18,0,0,0
37,101,41,0,0,0
37,102,21,3,0,0
37,103,3,0,0,0
38,32,3,0,0,0
38,34,4,0,0,0
38,51,3,0,0,0
38,52,4,0,0,0
38,53,16,0,0,3
38,54,17,5,0,0
38,55,23,0,0,0
38,77,6,0,0,0
38,78,3,0,0,0
38,93,0,0,0,3
38,98,9,0,0,0
38,99,17,3,0,0
38,100,18,0,13,0
38,101,8,0,0,0
38,102,21,0,0,0
38,103,16,0,0,0
38,104,18,3,0,0
38,105,4,0,0,0
39,34,3,0,0,0
39,51,8,0,0,3
39,52,19,0,0,0
39,53,20,0,0,0
39,54,6,0,0,0
39,55,3,0,0,0
39,76,4,0,0,0
39,83,3,0,0,0
39,98,6,0,0,0
39,99,7,0,0,0
39,102,6,0,0,0
40,12,6,0,0,0
40,13,3,0,0,0
40,52,23,0,0,0
40,53,4,0,0,0
40,76,12,0,0,3
41,12,7,0,0,0
41,13,10,0,0,0
41,33,3,0,0,0
41,52,21,0,0,0
41,53,22,0,0,0
41,54,17,0,0,0
41,75,9,0,0,0
41,92,4,0,0,0
42,12,6,0,0,0
42,13,9,0,0,0
42,53,12,0,0,0
42,68,3,0,0,0
42,75,6,0,0,0
42,82,6,0,0,0
42,85,3,0,0,0
43,12,8,3,0,0
43,13,6,0,0,0
43,32,0,0,0,3
43,54,3,0,0,0
43,74,10,0,0,0
43,101,3,0,0,0
44,11,19,0,0,0
44,12,13,0,0,0
44,54,12,0,0,0
44,55,15,3,3,0
44,62,6,0,0,0
44,74,3,0,0,0
44,84,3,0,0,0
45,7,14,0,0,0
45,8,3,0,0,0
45,9,10,0,0,0
45,10,13,0,0,0
45,11,17,0,0,0
45,12,3,0,0,0
45,54,10,3,0,0
45,62,3,0,0,0
45,72,3,0,0,0
45,73,11,0,0,0
45,88,0,0,0,3
45,90,3,0,0,0
46,6,3,0,0,0
46,7,6,3,0,0
46,8,3,0,0,0
46,9,26,0,0,0
46,10,18,0,0,0
46,11,12,0,0,0
46,54,18,6,0,3
46,55,9,0,0,0
46,72,0,0,0,3
46,81,3,0,0,0
47,7,3,0,0,0
47,10,3,0,0,0
47,22,3,0,0,0
47,36,0,0,0,3
47,52,24,3,0,0
47,53,23,0,0,0
47,54,11,0,0,0
47,55,3,0,0,0
47,56,9,0,0,0
47,71,3,0,0,0
47,72,3,0,0,0
48,51,3,0,0,0
48,52,17,0,0,3
48,53,24,0,0,0
48,54,39,0,0,0
48,55,23,3,0,6
48,56,24,0,0,0
48,66,3,0,0,0
48,91,4,0,0,0
48,99,3,0,0,0
48,102,0,3,0,0
48,103,3,0,0,0
49,17,3,0,0,0
49,38,3,0,0,0
49,52,9,0,8,0
49,53,3,0,0,0
49,54,17,0,0,0
49,55,36,0,0,0
49,56,14,0,0,0
49,60,8,0,0,0
49,63,6,0,0,0
49,65,3,0,0,0
49,70,0,0,0,3
49,101,3,0,0,0
49,102,3,0,0,0
50,15,3,0,0,0
50,38,3,0,0,0
50,40,3,0,0,0
50,54,6,0,0,0
50,55,10,0,0,0
50,56,6,0,0,0
50,62,7,0,0,0
50,63,4,0,0,0
50,64,3,0,0,0
50,65,6,0,0,0
50,69,4,0,0,0
50,87,3,0,0,0
51,15,3,0,0,0
51,62,9,0,0,0
51,63,6,0,0,0
51,69,10,0,0,0
51,70,10,0,0,0
51,88,3,0,0,0
52,39,3,0,0,0
52,41,3,0,0,0
52,45,3,0,0,0
52,60,6,0,0,0
52,61,17,0,0,0
52,62,4,0,0,0
52,63,3,0,0,0
52,64,3,0,0,0
52,67,3,0,0,0
52,68,3,0,0,0
52,69,3,0,0,0
53,40,3,0,0,0
53,60,6,0,3,0
53,61,19,3,0,0
53,63,12,0,0,0
53,68,3,0,0,0
53,87,5,0,0,0
53,101,3,0,0,0
54,61,9,0,0,0
54,62,11,0,0,0
54,63,27,0,0,0
54,64,12,0,0,0
54,67,9,0,0,0
54,85,3,0,0,0
55,43,3,0,0,3
55,63,3,0,0,0
55,64,18,0,0,0
55,65,27,0,0,0
55,66,14,0,0,0
55,67,3,0,0,0
55,78,3,0,0,0
55,87,6,0,0,0
56,44,3,0,0,0
56,65,8,0,0,0
56,66,26,0,0,0
56,78,7,0,0,0
56,90,3,0,0,0
57,43,3,0,0,0
57,64,3,0,0,0
57,65,9,0,0,0
57,66,9,0,0,0
57,89,3,0,0,0
59,44,6,0,0,0
59,55,3,0,0,0
59,67,16,0,0,0
59,69,3,0,0,0
59,75,0,3,0,0
59,100,3,0,0,0
60,45,3,0,0,0
60,46,3,0,0,0
60,100,3,0,0,0
60,102,0,0,0,4
61,47,3,0,0,0
61,66,4,0,0,0
61,67,6,0,0,0
61,100,7,0,0,0
62,13,3,0,0,0
62,15,3,0,0,0
62,47,3,0,0,0
62,49,3,0,0,0
62,69,3,0,0,0
62,92,3,0,0,0
62,100,11,0,0,0
63,13,3,0,0,0
63,15,3,0,0,0
63,16,3,0,0,0
63,17,3,0,0,0
63,18,4,0,0,0
63,19,3,0,0,0
63,65,3,0,0,0
63,80,6,3,0,0
63,83,4,0,0,0
63,84,6,0,0,0
63,99,6,0,0,0
64,18,3,0,0,0
64,23,3,0,0,0
64,82,3,0,0,0
64,84,3,0,0,0
64,85,3,0,0,0
64,86,7,0,0,0
64,91,7,0,0,0
65,7,3,0,0,0
65,11,3,0,0,0
65,23,3,0,0,0
65,47,3,0,0,0
65,50,3,0,0,0
65,71,3,0,0,0
65,86,3,0,0,0
65,98,4,0,0,0
65,99,7,0,0,0
65,100,0,3,0,0
65,101,3,0,0,0
65,102,3,0,0,0
66,5,6,0,0,0
66,77,3,0,0,0
66,85,4,0,0,0
66,100,3,0,0,0
66,101,3,0,0,0
67,6,3,0,0,0
67,8,0,0,0,3
67,21,3,0,0,0
67,25,3,0,0,0
67,51,6,0,0,0
67,64,3,0,0,0
67,86,3,0,0,0
67,96,6,0,0,0
68,27,3,0,0,0
68,42,3,0,0,0
68,43,3,0,0,0
68,44,3,0,0,0
68,101,3,0,0,0
69,6,0,0,0,3
69,27,3,0,0,3
69,40,4,0,0,3
69,41,3,0,0,0
69,69,3,0,0,0
69,83,3,0,0,0
69,84,3,0,0,0
69,94,3,0,0,0
69,97,3,0,0,0
69,98,3,0,0,0
69,101,3,0,0,0
70,6,3,0,0,0
70,20,4,0,0,0
70,29,4,0,0,0
70,39,3,0,0,0
70,40,3,0,0,0
70,50,0,0,0,3
70,88,3,0,0,0
70,94,3,0,0,0
70,96,3,0,0,0
70,99,3,0,0,0
70,100,6,0,0,0
70,101,0,0,0,6
71,20,14,0,0,0
71,32,3,0,0,0
71,34,0,0,0,3
71,50,3,0,0,0
71,66,3,0,0,0
71,73,3,0,0,0
71,77,0,3,0,0
71,81,3,0,0,0
71,90,5,0,0,0
71,98,3,0,0,0
71,99,3,0,0,0
72,4,0,0,0,3
72,15,3,0,0,0
72,16,3,0,0,0
72,17,6,0,0,0
72,18,3,0,0,0
72,19,9,3,0,0
72,20,10,0,0,0
72,32,3,0,0,0
72,35,3,0,0,0
72,69,11,0,0,0
72,74,17,0,0,0
72,77,3,0,0,0
72,89,0,0,0,3
72,90,10,0,0,0
72,91,4,3,0,0
72,92,9,7,0,0
72,93,3,0,0,0
72,98,4,0,0,0
73,5,3,0,0,0
73,18,3,0,0,0
73,19,3,0,0,0
73,20,10,0,0,0
73,21,8,0,0,3
73,22,12,0,0,0
73,35,3,0,0,0
73,36,9,0,0,0
73,37,6,0,0,0
73,38,7,0,0,0
73,39,3,0,0,0
73,50,3,0,0,0
73,56,6,0,0,0
73,75,6,0,0,0
73,76,3,0,0,0
73,77,3,0,0,0
73,89,3,0,0,0
73,90,5,3,0,0
73,91,23,3,0,0
73,92,54,14,3,0
73,93,29,0,0,0
73,94,3,0,0,0
73,98,3,3,0,0
73,99,11,3,0,0
73,100,4,0,0,0
74,37,3,0,0,0
74,38,3,0,0,0
74,69,3,0,0,0
74,73,3,0,0,0
74,74,9,0,0,0
74,75,3,0,0,0
74,76,3,0,0,0
74,86,5,0,0,0
74,90,7,8,0,0
74,91,25,13,3,0
74,92,19,0,3,0
74,93,10,0,3,0
74,98,4,0,0,0
74,99,6,3,0,0
74,100,6,0,0,0
75,23,0,0,0,3
75,26,3,0,0,0
75,56,3,0,0,0
75,66,3,0,0,0
75,68,7,0,0,0
75,69,20,0,0,0
75,70,5,0,0,0
75,73,27,0,0,0
75,74,14,0,0,0
75,75,7,0,0,0
75,79,10,0,0,0
75,81,4,0,0,0
75,88,20,0,0,0
75,90,19,0,0,3
75,91,24,3,0,0
75,92,43,6,3,0
75,93,44,0,0,0
75,94,27,9,0,0
75,95,0,4,0,0
75,99,3,0,0,0
76,11,3,0,0,0
76,68,7,0,0,0
76,69,5,0,0,0
76,70,4,0,0,0
76,71,6,0,0,0
76,72,15,0,0,4
76,73,31,0,0,0
76,74,5,0,3,0
76,75,0,0,3,0
76,87,21,0,0,0
76,88,30,0,0,0
76,89,17,3,0,0
76,90,42,3,3,0
76,91,17,0,0,0
76,92,55,0,0,3
76,93,53,0,3,0
76,94,21,3,11,0
76,95,39,6,0,0
76,96,26,7,0,0
76,99,0,0,0,3
77,40,3,0,0,0
77,49,3,0,0,0
77,55,3,0,0,0
77,58,3,0,0,0
77,70,10,0,0,0
77,71,29,0,0,0
77,72,30,3,4,0
77,73,14,3,0,0
77,75,7,0,0,0
77,76,6,0,0,0
77,89,26,3,0,14
77,90,50,3,0,6
77,91,27,3,3,0
77,92,3,0,0,0
77,94,28,11,0,0
77,95,35,3,5,0
77,96,46,10,0,0
77,97,13,0,0,0
77,98,11,0,0,0
77,99,3,0,0,0
78,3,3,0,0,0
78,32,3,0,0,0
78,50,3,0,0,0
78,64,3,0,0,0
78,70,9,4,0,0
78,71,12,0,0,0
78,72,41,14,0,0
78,73,18,0,0,0
78,89,18,0,4,0
78,90,118,16,33,12
78,91,45,5,4,3
78,92,26,0,0,0
78,94,11,0,0,0
78,95,36,0,0,0
78,96,42,6,0,0
78,97,5,0,0,0
79,41,3,0,0,0
79,43,3,0,0,0
79,51,3,0,0,0
79,66,3,0,0,0
79,74,3,0,0,0
79,75,3,0,0,0
79,77,3,0,0,0
79,89,6,0,0,4
79,90,85,7,11,0
79,91,13,0,0,0
79,92,62,15,39,0
79,93,38,0,19,0
79,94,64,21,3,0
79,95,16,15,7,0
79,96,9,0,0,0
80,49,3,0,0,0
80,81,5,0,0,0
80,84,3,0,0,0
80,86,19,4,11,0
80,87,39,0,0,0
80,88,35,0,0,0
80,89,76,0,0,0
80,90,22,0,0,3
80,91,13,0,0,3
80,92,95,26,4,0
80,93,46,3,10,0
80,94,24,0,0,0
81,4,3,0,0,0
81,53,3,0,0,0
81,61,6,0,0,0
81,71,3,0,0,0
81,81,3,0,0,0
81,82,3,0,0,0
81,86,7,0,6,0
81,87,30,13,3,0
81,88,31,3,0,0
81,89,17,3,0,0
81,90,43,5,7,0
81,91,29,14,10,0
81,92,29,0,0,0
81,93,12,14,0,0
82,43,3,0,0,0
82,50,3,3,0,0
82,51,11,3,0,0
82,52,40,0,3,0
82,53,29,0,0,0
82,54,3,0,0,0
82,71,3,0,0,0
82,80,6,0,0,0
82,86,3,0,0,0
82,87,14,0,0,0
82,88,15,5,5,0
82,89,7,0,0,0
82,90,5,0,0,0
82,91,21,5,3,0
82,92,37,9,24,0
82,93,42,10,0,0
82,94,39,20,0,0
82,95,6,6,0,0
83,13,3,0,0,0
83,50,24,0,0,3
83,51,31,0,0,0
83,52,18,0,0,0
83,53,12,0,0,0
83,54,6,0,0,0
83,55,3,0,0,0
83,57,3,0,0,0
83,67,6,0,0,0
83,70,10,0,0,0
83,71,5,0,0,0
83,90,7,0,0,0
83,91,8,0,0,0
83,92,18,3,0,0
83,93,33,11,0,0
83,94,27,15,0,0
83,95,10,3,0,0
83,97,3,0,0,0
83,98,6,0,0,0
84,16,3,0,0,0
84,18,3,0,0,0
84,19,10,0,0,0
84,36,4,0,0,0
84,50,18,0,0,0
84,51,29,0,0,0
84,52,16,0,0,0
84,53,16,0,0,0
84,54,24,0,0,0
84,55,11,0,0,0
84,57,3,0,0,0
84,67,3,0,0,0
84,69,9,0,0,0
84,70,9,0,0,0
84,82,6,0,0,0
84,92,7,0,0,0
84,93,3,0,0,0
85,17,3,0,0,0
85,19,3,0,0,0
85,20,3,0,0,0
85,21,6,0,0,0
85,22,4,0,0,0
85,50,3,0,0,0
85,51,25,3,0,0
85,52,3,0,0,0
85,53,6,0,0,0
85,54,14,0,0,0
85,68,3,0,0,0
85,99,3,0,0,0
86,22,3,0,0,0
86,23,7,0,0,0
86,38,6,0,0,0
86,51,3,0,0,0
86,99,3,0,0,0
87,9,3,0,0,0
87,13,3,0,0,0
87,23,8,0,0,0
87,24,4,0,0,0
87,38,3,0,0,0
87,59,3,0,0,0
87,60,6,0,0,0
87,94,15,0,0,0
88,24,3,0,0,0
88,25,3,0,0,0
88,42,3,0,0,0
88,50,4,0,0,0
88,65,6,0,0,0
88,66,10,0,0,0
88,67,5,0,0,0
88,94,10,0,0,0
88,96,3,0,0,0
89,3,3,0,0,0
89,20,3,0,0,0
89,25,6,0,0,0
89,26,3,0,0,0
89,44,3,0,0,0
89,55,3,0,0,0
89,67,8,0,0,0
89,68,8,0,0,0
89,94,3,0,0,0
89,95,3,0,0,0
89,96,5,0,0,0
90,0,4,0,0,0
90,26,10,0,0,0
90,27,3,0,0,0
90,58,3,0,0,0
90,70,7,0,0,0
90,71,8,3,0,0
91,27,8,0,0,0
91,28,8,3,0,0
91,47,3,0,0,0
91,58,3,0,0,0
91,71,5,0,0,0
91,72,12,0,0,0
91,73,14,0,0,0
91,74,3,0,0,0
91,76,4,0,0,0
91,96,3,0,0,0
91,97,3,0,0,0
92,28,22,0,0,0
92,29,3,0,0,0
92,47,3,0,0,0
92,60,3,0,0,0
92,61,6,0,0,0
92,72,4,0,0,0
92,73,35,0,0,0
92,74,16,0,0,0
92,75,13,0,0,0
92,76,11,0,0,0
92,96,3,0,0,0
93,28,3,0,0,0
93,29,13,0,0,0
93,73,3,0,0,0
93,76,6,0,0,0
93,77,3,0,0,0
93,78,4,0,0,0
93,95,3,0,0,0
94,30,3,0,0,0
94,31,3,0,0,0
94,48,3,0,0,0
94,79,3,0,0,0
95,7,3,0,0,0
95,81,4,0,0,0
95,101,3,0,0,0
96,31,3,0,0,0
96,32,3,0,0,0
96,33,3,0,0,0
96,56,4,0,0,0
96,83,3,0,0,0
97,32,4,0,0,0
97,33,6,0,0,0
97,42,3,0,0,0
97,56,3,0,0,0
97,80,4,0,0,0
98,8,3,0,0,0
98,33,3,0,0,0
98,70,3,0,0,0
98,79,6,0,0,0
99,8,8,0,0,0
99,15,0,0,0,3
99,18,3,0,0,0
99,36,3,0,0,0
99,79,6,0,0,0
100,7,3,0,0,0
100,8,3,0,0,0
100,9,7,0,0,0
100,33,3,0,0,0
100,40,3,0,0,0
100,41,6,0,0,0
100,42,3,0,0,0
100,44,3,0,0,0
100,46,3,0,0,0
100,78,4,0,0,0
101,7,7,0,0,0
101,8,10,0,0,0
101,9,3,0,0,0
101,31,3,0,0,0
101,32,3,0,0,0
101,34,4,0,0,0
101,35,3,0,0,0
101,37,3,0,0,0
101,47,3,0,0,0
101,78,11,0,0,0
102,7,3,0,0,0
102,8,3,0,0,0
102,9,6,0,0,0
102,13,6,0,0,0
102,14,3,0,0,0
102,31,3,0,0,0
102,32,3,0,0,0
102,49,6,0,0,0
102,56,8,0,0,0
102,57,6,0,0,0
102,77,3,0,0,0
102,78,5,0,0,0
102,93,3,0,0,0
102,94,3,0,0,0
103,9,3,0,0,0
103,10,6,0,0,0
103,31,6,0,0,0
103,32,3,0,0,0
103,52,6,0,0,0
103,53,7,0,0,0
103,54,3,0,0,0
103,56,8,0,0,0
103,92,7,0,0,0
103,93,4,0,0,0
104,31,3,0,0,0
104,32,3,0,0,0
104,35,3,0,0,0
104,39,3,0,0,0
104,54,3,0,0,0
104,55,10,0,0,0
104,56,14,0,0,0
104,57,13,0,0,0
104,58,10,0,0,3
104,59,8,0,0,0
104,60,14,0,0,0
104,61,6,0,0,3
104,62,6,0,0,0
104,63,3,0,0,0
104,64,9,0,0,0
104,66,3,0,0,0
104,77,5,0,0,0
105,31,3,0,0,0
105,32,5,0,0,0
105,66,3,0,0,0
105,67,3,0,0,0
105,68,3,0,0,0
105,69,8,0,0,0
105,77,15,0,0,0
105,93,3,0,0,0
106,32,6,0,0,0
106,76,3,0,0,0
106,77,6,0,0,0
107,77,10,0,0,0
108,35,3,0,0,0
108,36,3,0,0,0
108,38,3,0,0,0
108,47,3,0,0,0
108,77,10,0,0,0
108,95,3,0,0,0
109,41,3,0,0,0
109,43,7,0,0,0
109,44,3,0,0,0
109,45,3,0,0,0
109,46,3,0,0,0
109,47,6,0,0,0
109,55,3,0,0,0
109,58,3,0,0,0
109,60,3,0,0,0
109,77,3,0,0,0
109,93,3,0,0,0
109,94,12,0,0,0
109,95,23,0,0,0
109,96,6,0,0,0
110,19,4,0,0,0
110,31,6,0,0,0
110,47,3,0,0,0
110,48,3,3,0,0
110,58,3,0,0,0
110,59,3,0,0,0
110,60,3,0,0,0
110,61,3,0,0,0
110,76,5,0,0,0
110,77,6,0,0,0
110,78,7,0,0,0
110,79,6,0,0,0
110,80,3,0,0,0
110,92,3,0,0,0
110,93,8,3,0,0
110,94,13,0,0,0
110,95,35,0,0,0
110,96,15,0,0,0
111,49,6,0,0,0
111,64,14,0,0,0
111,72,3,0,0,0
111,76,3,0,0,0
111,77,3,0,0,0
111,96,20,0,0,0
111,97,12,3,0,0
112,50,3,0,0,0
112,51,7,0,0,0
112,66,6,0,0,0
112,67,4,0,0,0
112,68,3,0,0,0
112,96,3,0,0,0
112,97,15,0,0,0
113,47,3,0,0,0
113,52,4,0,0,0
113,53,3,0,0,0
113,65,4,0,0,0
113,66,3,0,0,0
113,67,3,0,0,0
113,78,3,0,0,0
113,98,3,0,0,0
114,34,3,0,0,0
114,67,3,0,0,0
114,78,5,0,0,0
114,98,4,0,0,0
115,38,3,0,0,0
115,41,3,0,0,0
115,43,3,0,0,0
115,44,3,0,0,0
115,45,3,0,0,0
115,51,3,0,0,0
115,52,3,0,0,0
115,53,6,0,0,0
116,36,3,0,0,0
116,48,3,0,0,0
116,52,3,0,0,0
116,55,0,3,0,0
117,37,11,0,0,0
117,38,3,0,0,0
117,52,6,0,0,0
117,53,8,0,0,0
117,84,3,0,0,0
117,98,3,0,0,0
118,36,6,0,0,0
118,37,10,0,0,0
118,38,6,0,0,0
118,42,3,0,0,0
118,48,3,0,0,0
118,52,12,0,0,0
118,53,22,0,0,0
118,67,3,0,0,0
118,83,4,0,0,0
118,84,13,0,0,0
118,85,4,0,0,0
119,37,5,0,0,0
119,38,7,0,0,0
119,52,3,0,0,0
119,53,10,0,0,0
119,68,4,0,0,0
119,83,18,0,0,0
119,84,42,3,0,0
119,85,10,0,0,0
119,97,3,0,0,0
120,3,3,0,0,0
120,4,3,0,0,0
120,38,15,0,0,0
120,39,9,0,0,0
120,41,3,0,0,0
120,42,4,0,0,0
120,49,6,0,0,0
120,68,6,0,0,0
120,82,3,3,0,0
120,83,25,0,21,5
120,84,47,0,0,0
120,85,17,0,0,0
120,89,4,0,0,0
120,95,3,0,0,0
121,1,6,0,0,0
121,2,7,0,0,0
121,3,11,0,0,0
121,4,9,0,0,0
121,38,13,0,0,0
121,39,16,0,0,0
121,41,11,0,0,0
121,42,13,0,0,0
121,43,7,0,0,0
121,44,6,0,0,0
121,45,6,0,0,0
121,46,7,0,0,0
121,47,12,0,0,0
121,48,3,0,0,3
121,53,3,0,0,0
121,56,3,0,0,0
121,57,4,0,0,0
121,58,4,0,0,0
121,68,3,0,0,0
121,83,17,0,0,0
121,84,25,0,0,0
121,85,20,0,0,0
121,86,3,0,0,0
121,88,5,0,0,0
121,94,6,0,0,0
121,95,18,0,3,0
121,96,3,0,0,0
122,1,9,0,0,0
122,2,7,0,0,0
122,3,3,0,0,0
122,11,3,0,0,0
122,38,5,0,0,0
122,39,15,0,0,0
122,40,3,0,0,0
122,43,9,0,0,0
122,49,5,0,0,0
122,56,6,0,0,3
122,57,13,0,0,0
122,58,18,0,0,0
122,59,17,0,0,0
122,60,15,0,0,0
122,61,10,0,0,0
122,68,3,0,0,0
122,81,3,0,0,0
122,85,19,0,0,0
122,86,32,0,0,0
122,87,49,0,0,3
122,88,29,0,0,0
122,93,12,0,0,0
122,94,42,0,0,9
122,95,11,0,0,6
123,0,3,0,0,0
123,1,3,0,0,0
123,2,10,0,0,0
123,3,3,0,0,0
123,10,7,0,0,0
123,39,6,0,0,0
123,48,6,0,0,0
123,49,3,0,0,0
123,58,3,0,0,0
123,59,8,0,0,0
123,60,21,0,0,0
123,61,8,0,0,0
123,85,3,0,0,0
123,86,62,0,0,0
123,87,35,0,3,3
123,93,3,0,0,0
123,94,7,0,0,0
124,2,3,0,0,0
124,9,3,0,0,0
124,10,11,0,0,0
124,11,3,0,0,0
124,39,3,0,0,0
124,49,8,0,0,0
124,60,7,0,0,0
124,61,14,0,0,0
124,62,9,0,0,0
124,80,3,0,0,0
124,85,4,0,0,0
125,10,6,0,0,0
125,60,13,0,0,0
125,61,20,0,0,0
125,62,31,0,0,0
125,85,7,0,0,0
126,9,4,0,0,0
126,10,6,0,0,0
126,60,6,0,0,0
126,61,33,0,0,0
126,62,24,0,0,0
126,63,29,0,0,0
126,64,6,0,0,0
126,69,3,0,0,3
126,84,3,0,0,0
127,9,10,0,0,0
127,10,9,0,0,0
127,11,6,0,0,0
127,18,6,0,0,0
127,61,23,0,0,0
127,62,6,0,0,0
127,63,9,0,0,0
127,64,45,4,3,0
127,65,31,0,0,0
127,69,6,0,0,0
127,84,6,0,0,0