x,y,1,2,3,4,5,6,7,8
0,53,19,3,0,0,0,0,0,0
0,54,13,36,0,0,0,0,0,0
0,60,12,4,0,0,0,0,0,0
0,62,1040,1206,150,172,0,0,0,0
0,63,23,37,6,0,0,0,0,0
0,64,694,663,84,130,0,0,0,0
0,65,356,495,58,59,0,0,0,0
0,66,184,246,24,17,0,0,0,0
0,67,156,169,9,6,0,0,0,0
0,68,474,517,41,36,0,0,0,0
0,69,23,19,0,0,0,0,0,0
0,70,3,3,0,0,0,0,0,0
0,71,7,16,0,0,0,0,0,0
0,72,22,26,0,0,0,0,0,0
0,73,120,111,6,12,0,0,0,0
0,74,10,13,0,0,0,0,0,0
0,75,192,192,6,33,0,0,0,0
0,76,287,339,33,33,0,0,0,0
0,77,34,50,6,3,0,0,0,0
0,78,13,29,3,0,0,0,0,0
0,79,69,86,6,10,0,0,0,0
0,80,162,176,12,10,0,0,0,0
0,81,40,12,0,11,0,0,0,0
0,82,0,3,0,0,0,0,0,0
0,83,45,52,0,0,0,0,0,0
0,84,102,155,12,19,0,0,0,0
0,85,106,123,14,6,0,0,0,0
0,86,227,255,20,33,0,0,0,0
0,87,296,447,37,37,0,0,0,0
0,89,11,16,0,0,0,0,0,0
0,90,60,56,6,9,0,0,0,0
0,91,487,691,80,86,0,0,0,0
0,92,6309,7110,1021,1457,9,0,0,0
0,93,1373,1503,130,266,3,0,0,0
0,94,69,82,10,9,0,0,0,0
0,95,144,175,9,13,0,0,0,0
0,96,189,237,3,21,0,0,0,0
0,97,16,28,0,0,0,0,0,0
0,98,6,17,0,0,0,0,0,0
0,99,370,445,32,48,3,0,0,0
0,100,117,165,12,16,0,0,0,0
0,101,281,351,15,39,0,0,0,0
0,102,48,65,3,3,0,0,0,0
0,103,171,219,21,9,0,0,0,0
0,104,576,736,103,58,0,0,0,0
0,105,3,7,0,0,0,0,0,0
0,106,28,35,0,0,0,0,0,0
0,107,55,79,6,3,0,0,0,0
0,108,323,416,34,28,0,0,0,0
0,109,16,40,9,0,0,0,0,0
0,110,295,345,27,9,0,0,0,0
0,111,34,33,0,0,0,0,0,0
0,112,170,263,22,12,0,0,0,0
0,113,267,344,63,22,0,0,0,0
0,114,1090,1450,152,187,3,0,0,0
0,115,9,10,0,0,0,0,0,0
0,116,7,11,0,0,0,0,0,0
0,117,66,80,6,0,0,0,0,0
0,118,148,220,6,0,0,0,0,0
0,119,65,113,4,12,0,0,0,0
0,120,126,177,3,9,0,0,0,0
0,121,6,10,0,0,0,0,0,0
0,122,237,333,24,15,0,0,0,0
0,123,204,235,14,22,0,0,0,0
0,125,324,447,31,18,0,0,0,0
0,126,12,25,3,3,0,0,0,0
0,127,187,229,12,6,0,0,0,0
1,51,371,479,61,74,0,0,0,0
1,52,86,102,24,17,0,0,0,0
1,53,3,9,0,0,0,0,0,0
1,54,148,152,21,27,0,0,0,0
1,62,170,231,45,15,0,0,0,0
1,63,30,27,0,3,0,0,0,0
1,64,0,3,0,0,0,0,0,0
1,65,9,15,0,0,0,0,0,0
1,66,49,60,3,6,0,0,0,0
1,67,141,174,12,6,0,0,0,0
1,68,5,0,0,0,0,0,0,0
1,69,6,7,0,0,0,0,0,0
1,70,6,7,0,0,0,0,0,0
1,71,20,36,0,3,0,0,0,0
1,72,35,37,0,3,0,0,0,0
1,73,43,42,0,0,0,0,0,0
1,74,6,7,0,0,0,0,0,0
1,75,13,8,0,0,0,0,0,0
1,76,198,216,24,24,0,0,0,0
1,77,692,844,82,104,4,0,0,0
1,78,171,279,34,33,0,0,0,0
1,79,467,603,53,72,3,0,0,0
1,80,52,39,0,3,0,0,0,0
1,81,92,112,9,17,0,0,0,0
1,82,73,75,3,12,0,0,0,0
1,83,14,21,4,3,0,0,0,0
1,84,107,117,9,18,0,0,0,0
1,85,22,21,3,3,0,0,0,0
1,86,593,737,59,46,0,0,0,0
1,87,963,1120,110,118,0,0,0,0
1,88,3,7,0,0,0,0,0,0
1,89,41,38,0,4,0,0,0,0
1,90,30,18,3,3,0,0,0,0
1,91,328,373,21,38,0,0,0,0
1,92,1735,1696,329,290,0,0,0,0
1,93,3708,4158,537,673,6,0,0,0
1,94,874,907,123,142,0,0,0,0
1,95,1206,1425,190,210,0,0,0,0
1,96,365,430,23,28,0,0,0,0
1,97,137,181,4,18,0,0,0,0
1,98,155,158,3,28,0,0,0,0
1,99,326,347,37,60,0,0,0,0
1,100,147,208,17,15,0,0,0,0
1,101,297,360,24,19,0,0,0,0
1,102,289,411,18,25,0,0,0,0
1,103,298,390,40,21,0,0,0,0
1,104,780,875,131,78,0,0,0,0
1,105,11,22,0,0,0,0,0,0
1,106,105,130,12,0,0,0,0,0
1,107,38,47,9,3,0,0,0,0
1,108,41,57,0,0,0,0,0,0
1,109,68,83,9,0,0,0,0,0
1,110,280,379,33,6,0,0,0,0
1,111,84,103,3,0,0,0,0,0
1,112,28,41,9,0,0,0,0,0
1,113,1339,1668,267,283,0,0,0,0
1,114,2431,2677,549,418,0,0,0,0
1,115,59,71,0,6,0,0,0,0
1,116,260,323,28,0,0,0,0,0
1,117,90,118,6,6,0,0,0,0
1,118,133,172,12,3,0,0,0,0
1,119,97,140,6,12,0,0,0,0
1,120,314,396,89,49,0,0,0,0
1,121,697,894,88,65,0,0,0,0
1,122,20,35,3,3,0,0,0,0
1,123,90,115,9,14,0,0,0,0
1,125,308,455,46,10,3,0,0,0
1,126,187,244,9,9,0,0,0,0
1,127,456,604,50,32,0,0,0,0
2,49,9,10,0,0,0,0,0,0
2,51,1109,1335,232,227,0,0,0,0
2,52,1159,1392,235,256,0,0,0,0
2,53,106,54,0,3,0,0,0,0
2,54,15,12,0,0,0,0,0,0
2,55,521,721,97,70,0,0,0,0
2,56,454,581,65,52,0,0,0,0
2,64,15,13,0,0,0,0,0,0
2,67,253,290,25,19,0,0,0,0
2,68,128,141,0,6,0,0,0,0
2,69,13,35,0,0,0,0,0,0
2,70,11,19,0,0,0,0,0,0
2,71,3,3,0,0,0,0,0,0
2,72,101,130,19,10,0,0,0,0
2,73,311,479,46,76,0,0,0,0
2,74,15,15,0,3,0,0,0,0
2,75,799,927,89,123,0,0,0,0
2,76,35,41,0,6,0,0,0,0
2,77,605,644,107,147,0,0,0,0
2,78,1248,1643,259,256,0,0,0,3
2,79,697,887,69,98,0,0,0,0
2,80,902,1171,143,149,3,0,0,0
2,81,156,298,48,15,0,0,0,0
2,82,268,351,14,45,0,0,0,0
2,83,256,304,19,47,0,0,0,0
2,85,0,4,0,0,0,0,0,0
2,86,31,25,3,3,0,0,0,0
2,87,9,6,0,0,0,0,0,0
2,88,3600,4381,467,665,0,0,0,0
2,89,2119,2527,184,341,3,0,0,0
2,90,540,713,70,64,3,0,0,0
2,91,101,105,12,13,0,0,0,0
2,92,444,562,40,56,0,0,0,0
2,93,921,1179,102,173,3,0,0,0
2,94,1332,1697,176,234,0,0,0,0
2,95,403,508,39,44,0,0,0,0
2,96,50,58,4,3,0,0,0,0
2,97,227,291,15,29,0,0,0,0
2,98,110,130,7,6,0,0,0,0
2,99,5,4,0,0,0,0,0,0
2,100,72,58,4,14,0,0,0,0
2,101,465,575,57,65,0,0,0,0
2,102,400,507,43,36,0,0,0,0
2,103,10,21,0,0,0,0,0,0
2,104,27,41,0,3,0,0,0,0
2,105,260,269,12,3,0,0,0,0
2,106,294,367,25,26,0,0,0,0
2,107,30,27,3,0,0,0,0,0
2,108,78,91,9,6,0,0,0,0
2,109,28,22,3,0,0,0,0,0
2,110,27,38,3,0,0,0,0,0
2,111,77,95,9,11,0,0,0,0
2,112,484,656,54,29,0,0,0,0
2,113,100,140,12,9,0,0,0,0
2,114,46,66,3,3,0,0,0,0
2,115,6,6,0,0,0,0,0,0
2,117,237,326,25,6,3,0,0,0
2,118,73,88,11,0,0,0,0,0
2,119,29,42,3,0,0,0,0,0
2,120,306,455,27,26,0,0,0,0
2,121,343,496,49,31,0,0,0,0
2,122,191,196,16,28,0,0,0,0
2,126,122,147,6,9,0,0,0,0
2,127,220,306,27,9,0,0,0,0
3,53,3,0,0,3,0,0,0,0
3,56,61,104,12,13,0,0,0,0
3,58,16,13,0,0,0,0,0,0
3,59,9,25,0,0,0,0,0,0
3,60,104,175,6,13,0,0,0,0
3,63,236,241,15,17,0,0,0,0
3,64,250,260,32,22,0,0,0,0
3,65,379,470,55,21,0,0,0,0
3,66,22,21,0,0,0,0,0,0
3,67,13,15,0,3,0,0,0,0
3,68,96,119,22,6,0,0,0,0
3,69,454,455,33,34,0,0,0,0
3,70,124,134,15,24,0,0,0,0
3,71,22,35,6,3,0,0,0,0
3,72,80,72,0,3,0,0,0,0
3,73,408,554,133,99,0,0,0,0
3,74,0,3,0,0,0,0,0,0
3,75,21,10,0,0,0,0,0,0
3,79,6,3,0,0,0,0,0,0
3,80,546,746,62,102,0,0,0,0
3,81,800,1019,118,157,0,0,0,0
3,82,825,976,91,110,3,0,0,0
3,83,935,1099,149,187,0,0,0,0
3,84,82,104,7,6,3,0,0,0
3,85,47,53,12,13,0,0,0,0
3,86,254,279,22,35,0,0,0,0
3,87,16,29,0,0,0,0,0,0
3,88,778,861,74,114,0,0,0,0
3,89,307,405,35,34,0,0,0,0
3,90,336,539,30,36,0,0,0,0
3,91,279,412,41,41,0,0,0,0
3,92,3517,5272,688,623,3,0,0,0
3,93,657,932,89,112,3,0,0,0
3,94,3100,3790,419,606,6,0,0,0
3,95,1043,1409,174,211,3,0,0,0
3,96,12,24,0,6,0,0,0,0
3,97,132,175,10,15,0,0,0,0
3,98,74,105,3,9,0,0,0,0
3,99,34,49,3,3,0,0,0,0
3,100,579,685,39,72,0,0,0,0
3,101,186,239,16,22,0,0,0,0
3,102,191,265,24,6,0,0,0,0
3,103,78,80,3,6,0,0,0,0
3,104,32,43,0,0,0,0,0,0
3,105,89,107,6,0,0,0,0,0
3,106,125,141,9,17,3,0,0,0
3,107,59,70,0,0,0,0,0,0
3,108,144,181,12,9,0,0,0,0
3,109,73,114,6,0,0,0,0,0
3,110,46,49,0,3,0,0,0,0
3,111,9,16,0,0,0,0,0,0
3,112,112,183,24,3,0,0,0,0
3,113,101,151,0,3,0,0,0,0
3,114,329,399,18,19,0,0,0,0
3,115,293,463,62,28,0,0,0,0
3,116,34,47,0,3,0,0,0,0
3,118,73,123,9,3,0,0,0,0
3,119,6,6,0,3,0,0,0,0
3,120,91,138,9,16,0,0,0,0
3,121,10,15,3,0,0,0,0,0
3,122,366,492,31,37,0,0,0,0
3,123,19,25,0,0,0,0,0,0
3,124,250,406,91,40,3,0,0,0
3,125,216,294,24,26,0,0,0,0
3,126,218,248,12,12,0,0,0,0
3,127,4,0,0,0,0,0,0,0
4,59,3,10,3,0,0,0,0,0
4,60,41,51,9,3,0,0,0,0
4,61,4,9,0,0,0,0,0,0
4,62,19,28,0,4,0,0,0,0
4,63,65,17,24,3,0,0,0,0
4,64,171,224,19,3,0,0,0,0
4,66,6,9,0,0,0,0,0,0
4,67,389,489,50,42,0,0,0,0
4,68,3,12,0,0,0,0,0,0
4,69,10,24,0,0,0,0,0,0
4,70,740,1022,113,102,6,0,0,0
4,71,49,72,6,3,0,0,0,0
4,72,45,62,0,0,0,0,0,0
4,73,82,80,0,6,0,0,0,0
4,74,11,6,0,8,0,0,0,0
4,75,140,149,13,9,0,0,0,0
4,76,83,120,6,6,0,0,0,0
4,77,283,384,27,38,0,0,0,0
4,78,18,21,0,3,0,0,0,0
4,79,234,231,15,30,0,0,0,0
4,80,175,190,21,35,0,0,0,0
4,81,169,281,15,37,0,0,0,0
4,82,1778,2125,215,352,0,0,0,0
4,83,3442,3943,560,753,12,0,0,0
4,84,41,77,0,0,0,0,0,0
4,85,32,27,0,3,0,0,0,0
4,86,101,143,11,16,0,0,0,0
4,87,317,365,41,64,0,0,0,0
4,88,43,54,4,9,0,0,0,0
4,89,430,546,170,94,0,0,0,4
4,90,1508,1658,161,297,3,0,0,0
4,91,1087,1506,116,159,3,0,0,0
4,92,3545,4765,556,661,12,0,0,0
4,93,76,111,3,9,0,0,0,0
4,94,3629,4398,574,650,9,0,0,0
4,95,1027,1273,75,140,3,0,0,0
4,96,0,3,0,0,0,0,0,0
4,97,283,361,40,20,0,0,0,0
4,98,102,99,3,10,0,0,0,0
4,99,744,966,77,116,0,0,0,0
4,100,242,281,29,36,0,0,0,0
4,101,410,546,39,44,0,0,0,0
4,102,24,36,0,0,0,0,0,0
4,103,49,66,0,6,0,0,0,0
4,104,216,242,17,15,0,0,0,0
4,105,49,59,0,3,0,0,0,0
4,106,463,560,49,65,0,0,0,0
4,107,226,275,9,23,0,0,0,0
4,108,155,231,6,3,0,0,0,0
4,109,24,26,0,3,0,0,0,0
4,110,546,712,31,64,0,0,0,0
4,111,15,19,0,0,0,0,0,0
4,112,81,117,3,3,0,0,0,0
4,113,12,25,0,3,0,0,0,0
4,114,90,133,3,3,0,0,0,0
4,115,104,121,3,6,0,0,0,0
4,116,12,21,0,0,0,0,0,0
4,117,9,13,0,0,0,0,0,0
4,118,240,297,25,0,0,0,0,0
4,119,9,4,0,0,0,0,0,0
4,120,57,70,6,0,0,0,0,0
4,121,221,284,20,21,0,0,0,0
4,122,168,222,12,10,0,0,0,0
4,123,46,63,6,7,0,0,0,0
4,124,556,670,52,44,0,0,0,0
4,125,724,806,38,73,0,0,0,0
4,126,762,1057,105,75,0,0,0,0
4,127,906,1162,183,101,0,0,0,0
5,61,4,29,3,0,0,0,0,0
5,62,14,15,0,3,0,0,0,0
5,63,517,636,104,99,0,0,0,0
5,64,193,175,23,28,0,0,0,0
5,67,12,10,0,0,0,0,0,0
5,68,595,575,59,59,0,0,0,0
5,69,2271,2671,492,371,0,0,0,0
5,70,138,154,66,29,0,0,0,0
5,72,17,11,0,0,0,0,0,0
5,73,12,10,0,3,0,0,0,0
5,75,43,54,3,3,3,0,0,0
5,76,143,135,7,16,0,0,0,0
5,77,530,581,45,54,0,0,0,0
5,78,54,47,0,0,0,0,0,0
5,79,95,125,20,12,0,0,0,0
5,80,642,897,72,97,0,0,0,0
5,81,672,778,97,115,0,0,0,0
5,82,660,619,124,115,3,0,0,0
5,83,399,449,57,78,0,0,0,0
5,84,141,196,4,23,0,0,0,0
5,85,41,76,6,7,0,0,0,0
5,86,2097,2628,316,327,0,0,0,0
5,87,1072,1350,170,163,0,0,0,0
5,88,27,31,0,0,0,0,0,0
5,89,2866,3988,616,521,3,0,0,0
5,90,7958,9768,1358,1957,6,0,0,0
5,92,1793,2449,270,408,6,0,0,0
5,93,5487,7370,982,1055,3,0,0,0
5,94,2524,3410,344,420,0,0,0,0
5,95,49,72,0,3,0,0,0,0
5,96,357,436,34,38,0,0,0,0
5,97,383,425,34,47,0,0,0,0
5,98,344,459,51,12,0,0,0,0
5,99,547,688,61,50,0,0,0,0
5,100,111,139,17,20,0,0,0,0
5,101,199,271,17,27,0,0,0,0
5,102,839,1046,95,128,0,0,0,0
5,103,1350,1439,207,228,0,0,0,0
5,104,45,54,0,0,0,0,0,0
5,105,145,167,14,13,0,0,0,0
5,106,66,106,6,9,0,0,0,0
5,107,102,138,9,9,0,0,0,0
5,108,38,60,0,0,0,0,0,0
5,109,13,25,0,0,0,0,0,0
5,110,105,162,3,7,0,0,0,0
5,111,26,36,0,3,0,0,0,0
5,112,4,9,0,0,0,0,0,0
5,113,6,14,0,0,0,0,0,0
5,114,34,55,0,0,0,0,0,0
5,115,543,661,91,55,0,0,0,0
5,116,546,402,45,38,0,0,0,0
5,117,62,78,9,0,0,0,0,0
5,118,4,4,0,0,0,0,0,0
5,119,235,285,22,12,0,0,0,0
5,120,40,55,0,3,0,0,0,0
5,121,11,14,0,0,0,0,0,0
5,122,207,310,21,6,0,0,0,0
5,123,480,664,37,42,0,0,0,0
5,124,28,40,3,6,0,0,0,0
5,125,3733,3234,414,544,9,0,0,0
5,126,1499,1419,198,212,0,0,0,0
5,127,1471,1913,179,140,0,0,0,0
6,60,0,3,0,0,0,0,0,0
6,61,6,6,3,0,0,0,0,0
6,63,187,251,30,28,0,0,0,0
6,64,131,165,16,16,0,0,0,0
6,65,59,90,9,0,0,0,0,0
6,66,13,14,0,3,0,0,0,0
6,68,306,388,37,44,0,0,0,0
6,69,2356,2622,406,406,0,0,0,0
6,70,533,656,84,93,3,0,0,0
6,71,50,50,6,0,0,0,0,0
6,72,56,74,0,3,0,0,0,0
6,73,37,38,0,0,0,0,0,0
6,74,102,93,7,13,0,0,0,0
6,75,207,266,9,29,0,0,0,0
6,76,252,285,9,24,0,0,0,0
6,77,102,130,0,3,0,0,0,0
6,78,16,14,0,0,0,0,0,0
6,79,476,586,39,39,0,0,0,0
6,80,378,433,39,46,0,0,0,0
6,81,118,119,0,6,0,0,0,0
6,82,3,5,3,3,0,0,0,0
6,83,192,215,9,33,0,0,0,0
6,84,16,10,0,0,0,0,0,0
6,86,1860,2376,297,354,6,0,0,0
6,87,1068,1562,191,176,6,0,0,0
6,88,1513,1900,366,254,0,0,0,0
6,90,1431,1888,226,298,3,0,0,0
6,91,390,397,56,69,0,0,0,0
6,92,1259,1701,194,197,0,0,0,0
6,93,726,771,59,90,6,0,0,0
6,94,221,335,21,39,0,0,0,0
6,95,46,67,3,4,0,0,0,0
6,96,173,184,0,37,0,0,0,0
6,97,573,715,68,76,0,0,0,0
6,98,132,210,14,21,0,0,0,0
6,99,88,96,3,0,0,0,0,0
6,100,222,314,19,12,0,0,0,0
6,101,167,232,22,13,0,0,0,0
6,102,247,260,94,26,0,0,0,0
6,103,82,99,18,15,0,0,0,0
6,104,586,844,80,72,3,0,0,0
6,105,58,59,3,0,0,0,0,0
6,106,31,48,0,3,0,0,0,0
6,107,393,514,55,34,0,0,0,0
6,108,66,63,6,6,0,0,0,0
6,109,44,63,3,3,0,0,0,0
6,110,41,64,0,0,0,0,0,0
6,111,161,233,12,12,0,0,0,0
6,112,34,51,0,4,0,0,0,0
6,113,18,24,3,0,0,0,0,0
6,114,102,109,3,3,0,0,0,0
6,115,136,167,6,6,0,0,0,0
6,116,55,75,0,3,0,0,0,0
6,117,65,75,3,6,0,0,0,0
6,118,12,3,0,0,0,0,0,0
6,119,254,334,9,3,0,0,0,0
6,120,594,810,55,53,0,0,0,0
6,121,75,140,3,9,0,0,0,0
6,122,1734,2184,185,211,3,0,0,0
6,123,1622,2142,156,140,0,0,0,0
6,124,3665,4464,593,590,9,0,0,0
6,125,5046,3240,730,711,3,0,0,0
6,126,6409,7064,1160,1221,12,0,0,0
6,127,635,890,81,65,0,0,0,0
7,61,15,18,0,0,0,0,0,0
7,65,86,81,6,13,0,0,0,0
7,66,1607,1724,222,191,0,0,0,0
7,67,887,1020,69,116,0,0,0,0
7,68,29,37,6,0,0,0,0,0
7,69,80,140,9,9,0,0,0,0
7,70,256,341,30,36,0,0,0,0
7,71,3,6,0,0,0,0,0,0
7,72,44,62,3,0,0,0,0,0
7,73,496,484,39,76,0,0,0,0
7,74,257,332,17,27,3,0,0,0
7,75,265,321,27,44,0,0,0,0
7,76,274,358,22,28,0,0,0,0
7,77,1085,1261,113,140,0,0,0,0
7,78,2680,3102,570,608,9,0,0,0
7,79,171,188,12,24,0,0,0,0
7,80,488,651,40,41,0,0,0,0
7,81,80,77,0,9,0,0,0,0
7,82,173,201,12,21,3,0,0,0
7,83,118,141,10,18,0,0,0,0
7,84,10,32,0,3,0,0,0,0
7,86,4,9,0,0,0,0,0,0
7,87,12,13,9,3,0,0,0,0
7,88,3124,3756,476,598,6,0,0,0
7,89,2987,3813,489,492,3,0,0,0
7,90,1893,2211,295,279,3,0,0,0
7,91,8504,10391,1470,1401,42,0,0,0
7,92,1785,2038,229,260,0,0,0,0
7,93,235,323,44,28,0,0,0,0
7,94,79,64,3,28,0,0,0,0
7,95,99,170,3,9,0,0,0,0
7,96,1378,1507,235,263,6,0,0,0
7,97,4513,4684,673,799,12,0,0,0
7,98,240,299,18,25,0,0,0,0
7,99,142,155,9,20,0,0,0,0
7,100,85,110,0,3,0,0,0,0
7,101,629,836,53,86,0,0,0,0
7,102,41,43,0,0,0,0,0,0
7,103,456,514,57,40,0,0,0,0
7,104,488,594,75,79,0,0,0,0
7,105,117,136,7,18,0,0,0,0
7,106,42,53,0,0,0,0,0,0
7,107,514,673,55,49,0,0,0,0
7,108,108,132,6,3,0,0,0,0
7,110,39,22,0,0,0,0,0,0
7,111,54,70,0,9,0,0,0,0
7,112,37,59,3,0,0,0,0,0
7,113,33,54,3,0,0,0,0,0
7,114,342,479,35,25,0,0,0,0
7,115,82,85,0,3,0,0,0,0
7,116,152,179,12,6,0,0,0,0
7,117,49,76,0,0,0,0,0,0
7,118,179,213,18,17,0,0,0,0
7,119,52,67,0,0,0,0,0,0
7,120,266,379,32,34,0,0,0,0
7,121,273,381,33,25,0,0,0,0
7,122,148,212,15,26,0,0,0,0
7,123,1713,2353,220,186,0,0,0,0
7,124,6004,6507,1083,1105,9,0,0,0
7,125,5657,5493,1094,1089,10,0,0,0
7,126,5902,6782,1054,927,6,0,0,0
7,127,594,688,61,68,0,0,0,0
8,58,6,13,0,3,0,0,0,0
8,60,73,72,3,6,0,0,0,0
8,61,104,108,10,0,0,0,0,0
8,66,13,12,0,0,0,0,0,0
8,67,83,103,12,3,0,0,0,0
8,68,220,292,37,29,0,0,0,0
8,69,116,124,6,9,0,0,0,0
8,70,7,17,0,3,0,0,0,0
8,71,6,4,0,3,0,0,0,0
8,72,27,23,0,6,0,0,0,0
8,73,22,24,0,0,0,0,0,0
8,74,17,14,0,0,0,0,0,0
8,75,37,33,19,11,0,0,0,0
8,76,63,72,3,12,0,0,0,0
8,77,2119,2843,389,438,6,0,0,0
8,78,1372,1788,199,227,3,0,0,0
8,80,366,428,15,26,0,0,0,0
8,81,715,855,75,95,0,0,0,0
8,82,1160,1364,243,180,3,0,0,0
8,83,4,0,0,0,0,0,0,0
8,87,50,84,3,9,0,0,0,0
8,88,1771,2237,152,189,0,0,0,0
8,89,2066,2554,298,415,0,0,0,0
8,90,4695,4784,493,842,6,0,0,0
8,91,9149,8275,1052,1496,26,0,0,0
8,92,3752,3994,352,645,15,0,0,0
8,93,3949,4601,557,600,12,0,0,0
8,94,1725,2171,199,233,9,0,0,0
8,95,2057,2661,505,411,0,0,0,0
8,96,3011,3406,391,507,0,0,0,4
8,97,7894,8520,1367,1577,15,0,0,0
8,98,560,680,56,67,0,0,0,0
8,99,755,1044,98,82,0,0,0,0
8,100,131,162,6,10,0,0,0,0
8,101,898,1125,94,116,3,0,0,0
8,102,22,23,6,0,0,0,0,0
8,103,1073,1287,120,139,0,0,0,0
8,104,108,127,15,10,0,0,0,0
8,105,947,989,100,114,0,0,0,0
8,106,259,237,20,64,3,0,0,0
8,107,465,571,19,50,0,0,0,0
8,108,190,256,16,26,0,0,0,0
8,109,65,119,6,6,0,0,0,0
8,110,930,1110,111,100,0,0,0,0
8,111,440,606,34,62,0,0,0,0
8,112,101,127,9,6,0,0,0,0
8,113,38,40,0,6,0,0,0,0
8,114,121,156,10,6,0,0,0,0
8,116,64,86,3,6,0,0,0,0
8,117,636,849,59,27,0,0,0,0
8,118,105,142,3,0,0,0,0,0
8,119,1588,2022,250,250,0,0,0,0
8,120,1454,2090,233,221,0,0,0,0
8,121,370,475,61,77,0,0,0,0
8,122,1404,1734,175,243,3,0,0,0
8,123,918,1237,123,148,0,0,0,0
8,124,203,296,22,43,0,0,0,0
8,125,1020,1300,223,196,0,0,0,0
8,126,977,1155,137,163,0,0,0,0
8,127,246,345,49,16,0,0,0,0
9,60,8,13,3,0,0,0,0,0
9,61,87,103,6,3,0,0,0,0
9,68,221,270,21,51,0,0,0,0
9,69,515,653,45,83,0,0,0,0
9,70,28,34,0,3,0,0,0,0
9,71,135,170,10,13,0,0,0,0
9,72,367,430,30,43,0,0,0,0
9,73,132,162,9,14,0,0,0,0
9,74,989,1462,180,181,0,0,0,0
9,75,2043,2590,459,463,0,0,0,0
9,76,3530,4634,666,713,6,0,0,0
9,77,6,14,0,0,0,0,0,0
9,78,230,228,37,19,0,0,0,0
9,79,140,164,3,14,0,0,0,0
9,80,83,94,6,0,0,0,0,0
9,81,49,20,0,3,0,0,0,0
9,82,286,366,47,38,0,0,0,0
9,83,6,3,0,0,0,0,0,0
9,84,565,710,41,70,0,0,0,0
9,87,3080,3675,575,707,15,0,0,0
9,88,5819,6522,1010,1241,34,0,0,0
9,89,9685,9117,1426,1634,46,0,0,0
9,90,6837,7741,1401,1566,27,0,0,0
9,91,7373,6999,927,1401,36,0,0,0
9,92,5632,6494,624,962,21,0,0,0
9,93,5231,5888,860,789,12,0,0,0
9,94,309,413,27,29,0,0,0,0
9,95,4227,4884,549,760,3,0,0,0
9,96,1061,1273,118,166,0,0,0,0
9,97,404,464,32,61,0,0,0,0
9,98,180,140,9,25,0,0,0,0
9,99,664,908,102,94,0,0,0,0
9,100,305,388,28,41,3,0,0,0
9,101,794,60,7,10,0,0,0,0
9,102,168,228,22,12,0,0,0,0
9,103,92,116,6,0,0,0,0,0
9,104,226,257,9,9,0,0,0,0
9,105,538,668,74,52,0,0,0,0
9,106,355,469,37,34,3,0,0,0
9,107,227,271,32,36,0,0,0,0
9,108,151,156,3,15,0,0,0,0
9,109,243,353,42,31,0,0,0,0
9,110,390,523,32,36,0,0,0,0
9,111,613,800,85,89,0,0,0,0
9,112,3437,4182,447,475,6,0,0,0
9,113,485,680,55,51,0,0,0,0
9,114,42,89,6,0,0,0,0,0
9,115,3,7,0,0,0,0,0,0
9,117,6,6,0,0,0,0,0,0
9,118,166,242,19,19,0,0,0,0
9,119,161,233,15,22,0,0,0,0
9,122,773,981,158,132,0,0,0,0
9,123,1207,1462,198,180,0,0,0,0
9,124,3,3,0,0,0,0,0,0
9,125,419,512,44,26,0,0,0,0
9,126,341,415,58,58,0,0,0,0
9,127,168,211,10,6,3,0,0,0
10,61,61,62,0,0,0,0,0,0
10,69,76,72,0,3,0,0,0,0
10,70,148,135,3,6,0,0,0,0
10,71,29,27,0,0,0,0,0,0
10,72,155,162,25,24,0,0,0,0
10,73,313,383,35,53,0,0,0,0
10,74,359,502,22,32,0,0,0,0
10,75,961,1151,156,224,0,0,0,3
10,76,339,310,25,29,0,0,0,0
10,77,105,88,3,9,0,0,0,0
10,78,285,293,32,50,0,0,0,0
10,79,204,192,12,21,3,0,0,0
10,80,285,360,33,41,0,0,0,0
10,81,19,15,3,3,0,0,0,0
10,82,126,203,21,19,0,0,0,0
10,83,400,612,65,57,3,0,0,0
10,84,519,679,86,70,0,0,0,0
10,85,601,820,58,70,0,0,0,0
10,86,636,779,88,72,0,0,0,0
10,87,5642,6422,828,1256,15,0,0,0
10,88,7052,7457,1181,1441,30,0,0,0
10,89,9968,8277,939,1643,51,0,0,0
10,90,19677,14669,2230,4115,73,0,0,0
10,91,10197,7952,950,1686,57,0,3,0
10,92,5290,4554,572,964,27,0,0,0
10,93,8683,8618,932,1648,31,0,3,0
10,94,1578,1856,105,156,6,0,0,0
10,95,200,284,12,30,0,0,0,0
10,96,12,37,4,3,0,0,0,0
10,97,57,55,12,6,0,0,0,0
10,98,7,21,0,0,0,0,0,0
10,99,12,18,0,0,0,0,0,0
10,100,29,40,0,0,0,0,0,0
10,101,6,7,0,0,0,0,0,0
10,102,67,80,4,9,0,0,0,0
10,103,304,394,34,38,0,0,0,0
10,104,0,3,0,0,0,0,0,0
10,105,56,81,0,0,0,0,0,0
10,106,323,439,36,31,0,0,0,0
10,107,69,72,6,6,0,0,0,0
10,108,296,394,25,34,0,0,0,0
10,109,481,584,104,87,0,0,0,0
10,110,418,579,78,50,0,0,0,0
10,111,372,424,44,38,0,0,0,0
10,112,3109,3112,569,615,3,0,0,0
10,113,644,835,82,87,0,0,0,0
10,114,125,169,10,14,0,0,0,0
10,115,41,69,0,0,0,0,0,0
10,116,100,134,9,12,0,0,0,0
10,117,73,105,9,6,0,0,0,0
10,118,476,641,53,81,0,0,0,0
10,119,282,426,41,39,0,0,0,0
10,121,6,10,0,0,0,0,0,0
10,122,6,9,0,0,0,0,0,0
10,123,25,22,0,8,0,0,0,0
10,125,1426,1951,213,177,0,0,0,0
10,126,11,17,0,0,0,0,0,0
10,127,75,104,4,0,0,0,0,0
11,61,10,10,0,0,0,0,0,0
11,62,20,20,0,3,0,0,0,0
11,64,0,6,0,0,0,0,0,0
11,66,6,3,0,0,0,0,0,0
11,68,7,3,0,0,0,0,0,0
11,69,67,86,3,3,0,0,0,0
11,70,48,63,0,3,0,0,0,0
11,71,45,34,0,3,0,0,0,0
11,72,20,27,0,3,0,0,0,0
11,73,32,18,0,0,0,0,0,0
11,74,73,65,6,6,0,0,0,0
11,75,108,97,10,9,0,0,0,0
11,76,32,50,3,3,0,0,0,0
11,77,27,51,0,3,0,0,0,0
11,78,296,314,27,18,0,0,0,0
11,79,134,144,19,7,0,0,0,0
11,80,32,48,0,0,0,0,0,0
11,81,165,153,12,16,0,0,0,0
11,82,265,298,26,24,0,0,0,0
11,83,126,132,12,9,0,0,0,0
11,84,374,431,57,53,0,0,0,0
11,85,2969,3477,597,582,6,0,0,0
11,86,2188,2702,467,380,6,0,0,0
11,87,5393,6590,849,1219,30,0,0,0
11,88,9790,7708,861,1782,44,0,0,0
11,89,21116,15355,2427,4064,115,0,3,0
11,90,19955,12436,1598,3330,122,0,0,0
11,91,23419,14984,1731,3699,132,0,0,0
11,92,11082,8412,1291,1901,60,0,0,0
11,93,7242,7619,846,1398,22,0,0,0
11,94,4838,6007,844,801,18,0,0,0
11,95,2161,2472,278,294,6,0,0,0
11,96,3,11,0,0,0,0,0,0
11,97,891,1009,52,95,0,0,0,0
11,98,119,191,3,18,0,0,0,0
11,99,121,176,11,6,0,0,0,0
11,100,297,332,30,14,0,0,0,0
11,101,133,140,9,16,0,0,0,0
11,102,98,120,9,0,0,0,0,0
11,103,169,199,13,17,0,0,0,0
11,104,49,67,3,6,0,0,0,0
11,105,30,28,0,0,0,0,0,0
11,106,325,407,16,35,0,0,0,0
11,107,148,179,0,0,0,0,0,0
11,108,21,28,0,0,0,0,0,0
11,109,19,32,6,7,0,0,0,0
11,110,94,117,0,16,0,0,0,0
11,111,6,23,0,0,0,0,0,0
11,112,131,167,11,13,0,0,0,0
11,113,15,15,0,0,0,0,0,0
11,114,244,317,23,15,0,0,0,0
11,115,45,65,3,0,0,0,0,0
11,116,135,213,12,3,0,0,0,0
11,117,116,131,9,19,0,0,0,0
11,118,18,28,0,3,0,0,0,0
11,119,85,137,21,6,0,0,0,0
11,122,43,58,0,6,0,0,0,0
11,123,159,181,12,19,0,0,0,0
11,124,72,88,19,6,0,0,0,0
11,125,358,466,49,49,0,0,0,0
11,126,104,158,24,9,0,0,0,0
11,127,255,324,24,13,0,0,0,0
12,59,31,46,3,3,0,0,0,0
12,62,9,6,0,0,0,0,0,0
12,65,6,9,0,0,0,0,0,0
12,66,191,218,22,27,0,0,0,0
12,67,484,490,28,42,0,0,0,0
12,68,225,234,21,29,0,0,0,0
12,69,1707,1671,375,477,0,0,0,0
12,70,869,989,126,205,0,0,0,0
12,71,30,46,0,0,0,0,0,0
12,72,26,30,0,0,0,0,0,0
12,73,98,92,9,9,0,0,0,0
12,74,82,84,9,6,0,0,0,0
12,75,44,70,3,6,0,0,0,0
12,76,76,98,12,10,0,0,0,0
12,77,116,121,3,6,0,0,0,0
12,78,80,84,14,6,0,0,0,0
12,79,121,137,3,12,0,0,0,0
12,80,30,45,0,0,0,0,0,0
12,81,101,103,9,10,0,0,0,0
12,82,64,56,7,13,0,0,0,0
12,83,13,18,0,0,0,0,0,0
12,85,80,104,12,12,0,0,0,0
12,86,434,558,25,57,0,0,0,0
12,87,1442,1560,194,330,18,0,0,0
12,88,6465,5885,843,1195,34,0,0,0
12,89,16862,10340,1336,2710,136,0,0,0
12,90,23632,10645,1297,2703,332,0,3,0
12,91,25992,11342,1498,3103,127,0,0,0
12,92,17872,10509,1272,2579,83,0,0,0
12,93,13501,10845,1116,2119,71,0,0,0
12,94,9227,9844,1561,1520,9,0,0,0
12,95,6796,6754,1035,1270,4,0,0,0
12,96,97,147,16,17,0,0,0,0
12,97,2935,3671,513,637,0,0,0,0
12,98,4717,5476,553,975,12,0,0,0
12,99,190,278,14,26,0,0,0,0
12,100,1239,1642,151,169,0,0,0,0
12,101,4,3,0,0,0,0,0,0
12,102,773,936,71,93,3,0,0,0
12,103,139,178,9,9,0,0,0,0
12,104,119,139,10,9,0,0,0,0
12,105,37,28,3,0,0,0,0,0
12,106,100,146,12,6,0,0,0,0
12,107,117,112,3,16,0,0,0,0
12,108,43,61,9,0,0,0,0,0
12,109,488,546,38,29,0,0,0,0
12,110,58,74,6,0,0,0,0,0
12,111,57,83,3,3,0,0,0,0
12,112,16,42,0,3,0,0,0,0
12,113,20,20,0,0,0,0,0,0
12,114,34,60,3,3,0,0,0,0
12,115,145,171,6,4,0,0,0,0
12,116,904,1176,113,132,0,0,0,0
12,117,591,692,47,69,3,0,0,0
12,118,432,513,39,12,0,0,0,0
12,119,20,27,0,0,0,0,0,0
12,123,471,633,79,42,0,0,0,0
12,124,201,262,24,12,0,0,0,0
12,125,244,349,16,13,3,0,0,0
12,126,6,7,0,3,0,0,0,0
12,127,28,44,5,0,0,0,0,0
13,63,27,40,0,0,0,0,0,0
13,64,665,678,61,92,0,0,0,0
13,65,2049,2329,393,344,3,0,0,0
13,66,718,712,74,80,3,0,0,0
13,67,294,301,18,35,0,0,0,0
13,68,719,759,62,91,0,0,0,0
13,69,3197,3634,507,730,0,0,0,0
13,70,1143,1246,179,278,3,0,0,0
13,71,161,196,16,12,0,0,0,0
13,72,33,43,0,0,0,0,0,0
13,73,27,30,0,0,0,0,0,0
13,74,91,95,14,12,0,0,0,0
13,75,202,216,16,15,0,0,0,0
13,76,38,34,3,3,0,0,0,0
13,77,134,142,12,9,0,0,0,0
13,78,56,53,3,3,0,0,0,0
13,79,51,45,0,3,0,0,0,0
13,80,124,133,13,15,0,0,0,0
13,81,100,121,12,18,0,0,0,0
13,82,103,104,6,9,0,0,0,0
13,83,343,431,40,36,0,0,0,0
13,84,2983,3621,477,494,0,0,0,0
13,85,196,307,25,33,0,0,0,0
13,86,0,3,0,0,0,0,0,0
13,88,8485,7095,930,1549,54,0,3,23
13,89,28694,18369,3070,5432,200,0,9,0
13,90,28150,14214,1991,3712,291,0,0,0
13,91,16347,7526,1040,2044,94,0,0,0
13,92,25801,14835,1984,3883,145,0,0,0
13,93,10114,7632,1056,1723,36,0,3,0
13,94,6765,6888,918,1178,12,0,0,0
13,95,700,611,40,73,0,0,0,0
13,96,20,20,0,0,0,0,0,0
13,97,719,1016,80,99,0,0,0,0
13,98,3872,4737,439,651,6,0,0,0
13,99,1075,1283,223,175,0,0,0,0
13,100,183,177,6,3,0,0,0,0
13,101,333,371,18,29,0,0,0,0
13,102,12,16,0,0,0,0,0,0
13,103,236,299,25,37,0,0,0,0
13,104,35,46,0,3,0,0,0,0
13,105,368,411,22,38,0,0,0,0
13,106,322,384,21,47,0,0,0,0
13,107,1261,1406,150,169,0,0,0,0
13,108,125,150,6,6,0,0,0,0
13,109,73,92,6,3,0,0,0,0
13,110,27,40,0,0,0,0,0,0
13,111,605,833,49,85,0,0,0,0
13,112,76,90,3,0,0,0,0,0
13,113,147,188,12,9,0,0,0,0
13,114,86,128,6,3,0,0,0,0
13,115,23,26,0,0,0,0,0,0
13,116,41,52,3,3,0,0,0,0
13,117,387,517,40,27,0,0,0,0
13,118,101,142,3,9,0,0,0,0
13,119,22,38,3,0,0,0,0,0
13,120,489,637,44,49,0,0,0,0
13,121,1308,1534,212,193,0,0,0,0
13,122,104,161,6,3,0,0,0,0
13,123,88,126,12,9,0,0,0,0
13,124,313,411,41,41,0,0,0,0
13,125,370,445,48,55,0,0,0,0
13,126,407,570,62,64,0,0,0,0
13,127,33,44,3,9,0,0,0,0
14,62,56,66,6,0,0,0,0,0
14,63,205,236,15,25,0,0,0,0
14,64,236,198,18,22,0,0,0,0
14,65,41,58,3,0,0,0,0,0
14,67,33,18,3,0,0,0,0,0
14,69,491,494,18,64,0,0,0,0
14,70,346,350,42,50,0,0,0,0
14,71,32,40,6,0,0,0,0,0
14,72,9,18,0,0,0,0,0,0
14,73,3,4,0,0,0,0,0,0
14,74,103,90,9,9,3,0,0,0
14,75,311,357,23,26,0,0,0,0
14,76,117,112,9,16,0,0,0,0
14,77,126,146,9,13,0,0,0,0
14,78,54,41,3,3,0,0,0,0
14,80,81,100,3,3,0,0,0,0
14,81,23,33,0,3,0,0,0,0
14,83,48,68,0,6,0,0,0,0
14,84,821,1144,126,140,0,0,0,0
14,85,2677,3272,455,554,3,0,0,0
14,86,5580,6657,1006,1196,18,0,0,0
14,87,3864,4870,667,730,9,0,0,0
14,88,3511,3681,425,599,9,0,0,0
14,89,12965,11276,1614,2746,57,0,0,0
14,90,19933,12872,1692,3445,81,0,3,0
14,91,10510,8751,1145,1880,87,0,3,0
14,92,2987,2924,270,542,15,0,0,0
14,93,5144,2341,316,507,12,0,3,0
14,94,6665,5926,811,1004,15,0,0,0
14,96,343,431,26,29,0,0,0,0
14,97,514,608,39,53,0,0,0,0
14,99,3092,3367,341,551,0,0,0,0
14,100,971,1190,86,178,0,0,0,0
14,101,219,272,15,13,0,0,0,0
14,102,104,133,6,3,0,0,0,0
14,103,53,57,3,9,0,0,0,0
14,104,135,148,6,12,0,0,0,0
14,105,642,827,69,63,0,0,0,0
14,106,113,111,6,12,0,0,0,0
14,107,180,191,9,9,0,0,0,0
14,108,165,203,18,20,0,0,0,0
14,109,213,258,18,12,0,0,0,0
14,110,175,207,19,6,0,0,0,0
14,111,199,243,16,12,0,0,0,0
14,112,100,127,6,3,0,0,0,0
14,113,45,58,0,0,0,0,0,0
14,114,295,389,12,16,0,0,0,0
14,115,34,44,0,6,0,0,0,0
14,116,2139,2480,371,294,3,0,0,0
14,117,355,455,24,47,0,0,0,0
14,118,145,167,24,6,0,0,0,0
14,119,23,33,3,0,0,0,0,0
14,120,724,837,42,59,0,0,0,0
14,121,686,895,81,80,0,0,0,0
14,122,66,86,22,7,0,0,0,0
14,123,70,104,3,3,0,0,0,0
14,124,24,47,0,3,0,0,0,0
14,125,994,1343,166,128,0,0,0,0
14,126,295,392,59,44,0,0,0,0
14,127,14,24,0,3,0,0,0,0
15,63,0,3,0,0,0,0,0,0
15,69,124,118,12,16,0,0,0,0
15,70,935,976,103,126,0,0,0,0
15,71,0,6,0,0,0,0,0,0
15,72,67,65,0,3,0,0,0,0
15,73,17,21,0,0,0,0,0,0
15,74,0,3,0,0,0,0,0,0
15,75,8,7,0,0,0,0,0,0
15,76,31,33,0,0,0,0,0,0
15,77,157,162,12,9,0,0,0,0
15,78,8,8,0,0,0,0,0,0
15,79,68,65,6,6,0,0,0,0
15,80,259,339,15,40,0,0,0,0
15,81,256,369,38,23,0,0,0,0
15,82,25,50,3,6,0,0,0,0
15,83,11,18,0,0,0,0,0,0
15,84,5,3,0,0,0,0,0,0
15,85,1357,1649,181,201,3,0,0,0
15,86,1851,2445,256,389,3,0,0,0
15,87,3593,1922,97,222,3,0,0,0
15,88,9999,10888,1352,2144,36,0,0,0
15,89,9030,9737,1343,1770,36,0,0,0
15,90,8601,7754,1007,1549,55,0,0,0
15,91,7282,7175,823,1312,40,0,0,0
15,92,10132,9658,1021,1989,75,0,3,0
15,93,2819,2603,207,454,12,0,0,0
15,94,2004,2144,245,344,6,0,0,0
15,95,122,79,14,6,3,0,0,0
15,96,1451,1724,288,155,0,0,0,0
15,97,2722,2650,267,275,3,0,0,0
15,99,13,25,0,0,0,0,0,0
15,100,1059,1172,69,171,0,0,0,0
15,101,131,214,22,24,0,0,0,0
15,102,412,398,49,58,0,0,0,0
15,103,196,252,15,24,0,0,0,0
15,104,195,189,3,0,0,0,0,0
15,105,17,13,0,0,0,0,0,0
15,106,92,90,6,17,0,0,0,0
15,107,61,77,6,3,0,0,0,0
15,108,583,641,16,44,0,0,0,0
15,109,63,77,3,0,0,0,0,0
15,110,5,7,0,0,0,0,0,0
15,111,151,183,6,9,0,0,0,0
15,112,75,96,6,9,0,0,0,0
15,113,36,39,0,0,0,0,0,0
15,114,24,36,3,0,0,0,0,0
15,115,8,6,0,3,0,0,0,0
15,116,116,188,12,3,0,0,0,0
15,117,74,90,9,15,0,0,0,0
15,118,105,139,18,12,0,0,0,0
15,119,102,131,9,6,0,0,0,0
15,120,64,67,15,3,0,0,0,0
15,122,24,32,0,0,0,0,0,0
15,123,3,9,0,0,0,0,0,0
15,125,228,308,13,26,0,0,0,0
15,126,15,33,0,0,0,0,0,0
15,127,182,263,18,14,0,0,0,0
16,61,41,52,0,12,0,0,0,0
16,69,10,15,0,0,0,0,0,0
16,70,82,85,6,7,0,0,0,0
16,72,519,583,41,48,0,0,0,0
16,73,8,13,0,0,0,0,0,0
16,74,153,144,4,6,0,0,0,0
16,75,15,10,6,0,0,0,0,0
16,76,41,48,6,3,0,0,0,0
16,77,265,264,33,37,0,0,0,0
16,78,232,311,17,18,0,0,0,0
16,79,150,174,12,16,0,0,0,0
16,80,218,237,20,14,0,0,0,0
16,81,1468,1810,190,208,0,0,0,0
16,82,258,327,18,19,0,0,0,0
16,83,239,261,19,44,0,0,0,0
16,84,0,3,0,0,0,0,0,0
16,85,108,152,16,12,0,0,0,0
16,86,4839,6849,802,958,9,0,0,0
16,87,6192,7253,805,943,18,0,0,0
16,88,5942,7232,718,1146,33,0,0,0
16,89,9774,11427,1251,1664,37,0,0,0
16,90,4726,4904,465,651,21,0,0,0
16,91,2153,2325,290,310,9,0,0,0
16,92,695,967,70,99,3,0,0,0
16,93,29,44,3,7,0,0,0,0
16,94,98,84,8,19,0,0,0,0
16,95,4218,4717,587,769,3,0,0,0
16,96,1282,1434,160,188,0,0,0,0
16,97,1312,1454,74,103,0,0,0,0
16,98,533,530,26,53,0,0,0,0
16,99,132,175,12,25,0,0,0,0
16,100,3612,3999,445,630,9,0,0,0
16,101,1460,1789,171,221,3,0,0,0
16,102,35,28,0,6,0,0,0,0
16,103,4,6,0,0,0,0,0,0
16,104,185,183,6,19,0,0,0,0
16,105,78,74,0,3,0,0,0,0
16,106,115,163,12,6,0,0,0,0
16,107,246,243,12,34,0,0,0,0
16,108,186,213,13,18,0,0,0,0
16,109,59,73,6,3,0,0,0,0
16,110,34,39,3,0,0,0,0,0
16,111,184,210,9,29,3,0,0,0
16,112,107,131,0,6,0,0,0,0
16,113,62,80,0,6,0,0,0,0
16,114,106,166,6,6,0,0,0,0
16,115,90,98,10,10,0,0,0,0
16,116,82,95,9,6,0,0,0,0
16,117,21,30,3,0,0,0,0,0
16,118,6,14,0,0,0,0,0,0
16,119,116,165,9,3,0,0,0,0
16,120,100,157,17,3,0,0,0,0
16,122,14,17,0,0,0,0,0,0
16,125,789,951,149,99,0,0,0,0
16,126,97,105,18,13,0,0,0,0
16,127,188,212,15,0,0,0,0,0
17,61,12,16,0,0,0,0,0,0
17,62,3,6,0,0,0,0,0,0
17,69,316,395,33,56,0,0,0,0
17,70,825,1020,122,117,0,0,0,0
17,71,564,688,92,100,0,0,0,0
17,72,168,237,16,19,0,0,0,0
17,73,5,6,0,0,0,0,0,0
17,74,274,325,30,25,0,0,0,0
17,75,20,23,0,0,0,0,0,0
17,76,1825,2289,255,201,0,0,0,0
17,77,546,620,36,46,0,0,0,0
17,78,1048,1256,118,182,3,0,0,0
17,82,121,130,12,22,0,0,0,0
17,83,686,773,64,101,0,0,0,0
17,84,24,29,0,0,0,0,0,0
17,85,258,367,35,38,0,0,0,0
17,86,2204,2846,379,310,3,0,0,0
17,87,3970,5509,713,610,3,0,0,0
17,88,658,846,91,117,3,0,0,0
17,89,5975,6657,752,1048,27,0,3,0
17,90,6455,5126,222,847,19,0,0,0
17,91,1523,1297,79,181,0,0,0,0
17,92,3,3,0,0,0,0,0,0
17,93,44,50,0,0,0,0,0,0
17,94,16,15,6,3,0,0,0,0
17,95,833,969,65,114,3,0,0,0
17,96,103,105,3,4,0,0,0,0
17,97,281,336,39,45,0,0,0,0
17,98,9,15,3,0,0,0,0,0
17,99,16,19,0,0,0,0,0,0
17,100,302,331,28,42,0,0,0,0
17,101,202,207,15,34,0,0,0,0
17,102,57,77,3,6,0,0,0,0
17,103,526,602,43,73,0,0,0,0
17,104,5,4,0,0,0,0,0,0
17,105,1007,551,62,55,0,0,0,0
17,107,27,36,3,0,0,0,0,0
17,108,275,260,9,35,0,0,0,0
17,109,338,341,15,33,0,0,0,0
17,110,269,225,12,31,0,0,0,0
17,111,142,164,0,12,0,0,0,0
17,112,56,58,0,12,0,0,0,0
17,113,69,78,6,9,3,0,0,0
17,114,6,3,0,0,0,0,0,0
17,115,96,126,9,6,0,0,0,0
17,116,56,64,9,3,0,0,0,0
17,117,9,15,0,0,0,0,0,0
17,118,64,89,9,3,0,0,0,0
17,120,91,131,7,9,0,0,0,0
17,121,440,512,21,18,0,0,0,0
17,122,39,59,6,0,0,0,0,0
17,125,78,77,15,7,0,0,0,0
17,126,332,420,35,41,0,0,0,0
17,127,18,38,0,0,0,0,0,0
18,66,5,9,0,0,0,0,0,0
18,67,484,674,107,162,0,0,0,0
18,68,74,86,6,0,0,0,0,0
18,69,181,210,24,34,0,0,0,0
18,70,120,149,15,22,0,0,0,0
18,71,75,105,3,12,0,0,0,0
18,72,34,41,0,0,0,0,0,0
18,73,293,339,22,29,0,0,0,0
18,74,356,388,25,33,0,0,0,0
18,75,178,229,6,31,0,0,0,0
18,76,2781,3026,327,426,0,0,0,0
18,77,824,960,76,88,0,0,0,0
18,78,13,25,0,0,0,0,0,0
18,82,535,740,67,91,0,0,0,0
18,84,3665,4065,388,541,0,0,0,0
18,85,673,792,37,72,3,0,0,0
18,86,244,262,11,24,0,0,0,0
18,87,1163,1146,86,199,3,0,0,0
18,88,362,577,59,74,6,0,0,0
18,89,5545,6758,924,1128,19,0,0,0
18,90,444,411,3,12,0,0,0,0
18,91,1848,1960,140,273,0,0,0,0
18,92,1969,2230,276,334,0,0,0,0
18,93,638,636,63,116,0,0,0,0
18,95,0,3,0,0,0,0,0,0
18,96,66,78,0,6,0,0,0,0
18,97,19,18,0,0,0,0,0,0
18,98,25,22,0,0,0,0,0,0
18,99,3,8,0,0,0,0,0,0
18,100,717,736,41,108,6,0,0,0
18,101,7,22,0,0,0,0,0,0
18,102,6,10,0,9,0,0,0,0
18,103,27,20,0,3,0,0,0,0
18,104,529,542,14,36,0,0,0,0
18,105,5192,3605,425,548,9,0,0,0
18,106,1770,1832,228,272,0,0,0,0
18,107,205,197,18,13,0,0,0,0
18,108,24,20,0,3,0,0,0,0
18,109,85,111,0,6,0,0,0,0
18,110,47,49,3,3,0,0,0,0
18,111,80,115,3,4,0,0,0,0
18,112,61,73,0,3,0,0,0,0
18,113,56,59,3,5,0,0,0,0
18,114,1199,1386,206,148,3,0,0,0
18,115,56,76,3,0,0,0,0,0
18,116,32,49,3,3,0,0,0,0
18,117,24,40,6,6,0,0,0,0
18,118,106,127,12,12,0,0,0,0
18,119,75,88,7,0,0,0,0,0
18,120,23,22,3,3,0,0,0,0
18,121,21,22,3,0,0,0,0,0
18,122,62,79,6,0,0,0,0,0
18,125,20,28,3,0,0,0,0,0
18,127,244,333,24,24,0,0,0,0
19,62,12,10,0,0,0,0,0,0
19,63,60,67,6,6,0,0,0,0
19,64,24,38,0,0,0,0,0,0
19,66,501,693,117,131,3,0,0,0
19,67,557,693,120,190,3,0,0,0
19,68,111,194,31,25,0,0,0,0
19,69,902,1050,128,200,3,0,0,0
19,70,531,636,75,102,0,0,0,0
19,71,90,91,0,6,0,0,0,0
19,72,74,77,3,6,0,0,0,0
19,73,115,118,16,19,0,0,0,0
19,74,243,245,15,26,0,0,0,0
19,75,48,39,3,0,0,0,0,0
19,76,159,171,19,19,0,0,0,0
19,77,43,43,0,6,0,0,0,0
19,78,3,14,0,0,0,0,0,0
19,80,18,19,0,0,0,0,0,0
19,82,167,168,15,15,0,0,0,0
19,83,62,54,5,9,0,0,0,0
19,84,397,543,64,47,0,0,0,0
19,85,3,4,0,0,0,0,0,0
19,86,12,18,0,0,0,0,0,0
19,87,537,604,75,54,3,0,0,0
19,88,195,240,18,32,0,0,0,0
19,89,2670,2352,237,432,6,0,0,0
19,90,420,394,44,83,3,0,0,0
19,91,948,961,81,159,0,0,0,0
19,92,2423,2988,314,405,6,0,0,0
19,93,1516,1944,175,259,3,0,0,0
19,94,3,0,0,0,0,0,0,0
19,96,24,39,0,0,0,0,0,0
19,97,31,49,0,12,0,0,0,0
19,98,78,117,0,0,0,0,0,0
19,99,21,20,0,0,0,0,0,0
19,100,1757,1842,123,245,6,0,0,0
19,101,1592,1474,76,293,3,0,0,0
19,102,3,7,0,0,0,0,0,0
19,103,3,3,0,0,0,0,0,0
19,104,612,638,70,64,0,0,0,0
19,105,6787,5585,743,1021,9,0,0,0
19,106,2409,2256,399,413,3,0,0,0
19,107,176,204,15,15,0,0,0,0
19,108,393,442,71,70,0,0,0,0
19,109,51,71,0,0,0,0,0,0
19,110,171,289,3,47,0,0,0,0
19,111,619,630,21,67,0,0,0,0
19,112,146,119,9,6,0,0,0,0
19,113,108,131,3,12,0,0,0,0
19,114,207,253,12,22,0,0,0,0
19,115,253,331,9,31,3,0,0,0
19,116,363,372,37,37,0,0,0,0
19,117,214,242,29,23,0,0,0,0
19,118,389,494,31,46,0,0,0,0
19,119,882,1121,117,171,0,0,0,0
19,120,6,9,0,0,0,0,0,0
19,121,30,44,3,0,0,0,0,0
19,122,18,27,3,0,0,0,0,0
19,125,39,47,0,3,0,0,0,0
19,126,3,6,0,0,0,0,0,0
19,127,688,903,70,97,0,0,0,0
20,62,9,9,0,0,0,0,0,0
20,63,282,293,46,24,0,0,0,0
20,64,239,236,33,31,0,0,0,0
20,65,776,1067,218,211,0,0,0,0
20,66,984,1353,232,300,3,0,0,0
20,67,912,993,193,246,3,0,0,0
20,68,69,105,3,0,0,0,0,0
20,69,278,300,29,46,0,0,0,0
20,70,117,133,9,16,0,0,0,0
20,71,143,172,9,18,0,0,0,0
20,72,39,63,6,0,0,0,0,0
20,73,19,19,0,0,0,0,0,0
20,74,14,7,0,0,0,0,0,0
20,75,137,152,9,18,0,0,0,0
20,76,368,390,20,22,0,0,0,0
20,77,247,270,24,17,0,0,0,0
20,78,77,122,6,6,0,0,0,0
20,79,102,129,3,3,0,0,0,0
20,80,90,119,6,12,0,0,0,0
20,81,699,782,88,74,6,0,0,0
20,84,31,34,3,0,0,0,0,0
20,86,322,408,39,36,0,0,0,0
20,87,25,37,0,0,0,0,0,0
20,88,2616,3621,293,338,6,0,0,0
20,89,2626,3363,503,440,0,0,0,0
20,90,215,299,15,45,0,0,0,0
20,91,188,238,35,15,0,0,0,0
20,92,895,1277,80,109,6,0,0,0
20,93,692,764,58,102,0,0,0,0
20,94,137,174,15,18,0,0,0,0
20,95,12,15,3,3,0,0,0,0
20,96,158,248,15,24,0,0,0,0
20,97,183,207,9,15,0,0,0,0
20,98,415,509,51,60,0,0,0,0
20,99,33,31,0,0,0,0,0,0
20,100,65,82,6,9,0,0,0,0
20,101,11,23,0,0,0,0,0,0
20,103,16,11,3,0,0,0,0,0
20,104,453,429,25,75,0,0,0,0
20,105,1121,891,56,158,0,0,0,0
20,106,685,744,69,72,0,0,0,0
20,107,52,52,0,0,0,0,0,0
20,108,625,676,77,77,0,0,0,0
20,109,153,188,21,20,0,0,0,0
20,110,148,227,9,18,0,0,0,0
20,111,125,121,12,3,0,0,0,0
20,112,86,97,0,3,0,0,0,0
20,113,271,282,74,40,3,0,0,0
20,114,90,106,3,3,0,0,0,0
20,115,247,280,24,20,0,0,0,0
20,116,54,72,3,0,0,0,0,0
20,117,50,72,3,13,0,0,0,0
20,118,1428,1705,206,187,0,0,0,0
20,119,1946,1922,270,252,0,0,0,0
20,120,182,220,12,13,0,0,0,0
20,121,276,362,27,6,0,0,0,0
20,122,239,333,17,22,0,0,0,0
20,123,17,29,0,3,0,0,0,0
20,124,12,9,0,0,0,0,0,0
20,126,456,598,71,42,0,0,0,0
20,127,65,77,12,4,0,0,0,0
21,64,0,3,0,0,0,0,0,0
21,65,344,589,132,79,0,0,0,0
21,66,652,816,186,164,0,0,0,0
21,67,5,12,3,0,0,0,0,0
21,69,42,52,0,3,0,0,0,0
21,70,40,64,0,6,0,0,0,0
21,71,281,398,23,25,0,0,0,0
21,72,59,58,0,0,0,0,0,0
21,73,37,50,0,0,0,0,0,0
21,74,8,8,0,0,0,0,0,0
21,75,371,438,29,54,0,0,0,0
21,76,84,89,0,0,0,0,0,0
21,77,92,97,0,0,0,0,0,0
21,78,93,118,15,6,0,0,0,0
21,79,63,66,3,12,0,0,0,0
21,80,619,722,50,76,3,0,0,0
21,81,170,172,21,14,0,0,0,0
21,83,747,898,80,80,0,0,0,0
21,84,258,386,29,31,0,0,0,0
21,85,5,10,0,0,0,0,0,0
21,88,1795,2363,269,292,0,0,0,0
21,89,1147,1838,218,232,0,0,0,0
21,90,44,60,0,0,0,0,0,0
21,91,230,266,18,35,0,0,0,0
21,92,1268,1509,161,215,3,0,0,0
21,93,2706,2851,125,336,3,0,0,0
21,94,1185,1394,94,154,3,0,0,0
21,95,1051,1081,64,158,0,0,0,0
21,96,75,88,0,3,0,0,0,0
21,97,14,21,3,3,0,0,0,0
21,98,349,446,39,48,0,0,0,0
21,99,36,60,0,3,0,0,0,0
21,100,17,20,3,0,0,0,0,0
21,101,17,18,0,0,0,0,0,0
21,102,8,3,0,0,0,0,0,0
21,103,3,3,0,3,0,0,0,0
21,104,33,34,0,3,0,0,0,0
21,105,33,38,0,0,0,0,0,0
21,106,619,666,48,51,0,0,0,0
21,107,58,73,0,3,0,0,0,0
21,108,149,233,16,9,0,0,0,0
21,109,31,30,0,0,0,0,0,0
21,110,76,87,6,3,0,0,0,0
21,111,158,186,22,21,0,0,0,0
21,112,185,229,18,17,0,0,0,0
21,113,1238,1497,157,189,0,0,0,0
21,114,71,99,0,3,0,0,0,0
21,115,179,239,9,26,0,0,0,0
21,116,94,109,0,6,0,0,0,0
21,117,143,230,6,9,0,0,0,0
21,118,96,121,6,9,0,0,0,0
21,119,116,130,9,12,0,0,0,0
21,120,45,54,3,3,0,0,0,0
21,121,12,21,0,0,0,0,0,0
21,122,278,352,24,24,0,0,0,0
21,123,209,309,27,21,0,0,0,0
21,124,436,576,80,24,0,0,0,0
21,125,6,6,0,0,0,0,0,0
21,127,50,58,3,0,0,0,0,0
22,65,116,159,17,15,0,0,0,0
22,66,28,33,0,0,0,0,0,0
22,69,609,821,102,119,0,0,0,0
22,70,203,242,17,30,0,0,0,0
22,71,693,946,212,104,0,0,0,0
22,72,317,442,69,76,0,0,0,0
22,73,29,35,0,3,0,0,0,0
22,74,114,139,15,18,0,0,0,0
22,75,251,323,19,23,0,0,0,0
22,76,182,159,15,9,0,0,0,0
22,77,369,486,38,58,0,0,0,0
22,78,481,639,39,64,3,0,0,0
22,79,9,9,0,0,0,0,0,0
22,80,33,38,0,6,0,0,0,0
22,81,38,51,3,3,0,0,0,0
22,82,19,18,3,0,0,0,0,0
22,83,28,32,3,6,0,0,0,0
22,84,576,676,53,77,0,0,0,0
22,85,16,24,0,0,0,0,0,0
22,86,19,21,3,3,0,0,0,0
22,87,204,200,12,29,0,0,0,0
22,88,2541,3283,411,412,3,0,0,0
22,89,156,183,3,17,0,0,0,0
22,90,95,133,9,3,0,0,0,0
22,91,335,432,36,49,0,0,0,0
22,92,1546,1957,231,317,0,0,0,0
22,93,37,55,3,0,0,0,0,0
22,94,37,40,3,6,0,0,0,0
22,95,282,301,27,18,0,0,0,0
22,96,43,77,3,6,0,0,0,0
22,97,197,239,12,18,0,0,0,0
22,98,773,862,86,73,0,0,0,0
22,99,41,30,3,3,0,0,0,0
22,100,99,89,8,10,0,0,0,0
22,101,288,288,24,26,0,0,0,0
22,102,521,556,40,61,0,0,0,0
22,103,0,3,0,0,0,0,0,0
22,104,39,43,0,6,0,0,0,0
22,105,19,24,0,0,0,0,0,0
22,106,104,114,0,10,0,0,0,0
22,107,500,503,65,70,0,0,0,0
22,108,491,585,49,70,0,0,0,0
22,109,257,290,18,18,0,0,0,0
22,110,31,37,0,0,0,0,0,0
22,111,25,28,0,0,0,0,0,0
22,112,58,70,3,0,0,0,0,0
22,113,42,51,0,0,0,0,0,0
22,114,50,73,3,0,0,0,0,0
22,115,34,53,0,3,0,0,0,0
22,116,16,33,0,3,0,0,0,0
22,117,52,50,0,0,0,0,0,0
22,118,32,48,0,0,0,0,0,0
22,119,134,153,3,3,0,0,0,0
22,120,24,34,0,0,0,0,0,0
22,121,25,32,6,0,0,0,0,0
22,122,54,75,12,9,0,0,0,0
22,123,62,70,3,3,0,0,0,0
22,124,67,76,0,3,0,0,0,0
22,125,1089,1240,172,144,0,0,0,0
22,126,67,105,6,0,0,0,0,0
22,127,340,453,31,33,0,0,0,0
23,64,12,16,0,0,0,0,0,0
23,65,3,0,0,0,0,0,0,0
23,67,4,3,0,0,0,0,0,0
23,68,206,316,31,45,0,0,0,0
23,69,1784,1999,345,346,0,0,0,0
23,70,557,799,92,119,3,0,0,0
23,71,2265,2424,419,380,0,0,0,0
23,72,447,422,26,59,0,0,0,0
23,73,79,114,6,6,0,0,0,0
23,74,50,66,6,0,0,0,0,0
23,75,125,157,6,12,0,0,0,0
23,76,61,47,3,10,0,0,0,0
23,77,611,822,36,63,0,0,0,0
23,78,1164,1495,162,162,0,0,0,0
23,79,40,50,0,6,0,0,0,0
23,80,33,39,0,0,0,0,0,0
23,81,126,126,4,9,0,0,0,0
23,82,152,165,3,19,0,0,0,0
23,83,93,110,3,3,0,0,0,0
23,84,57,55,6,3,0,0,0,0
23,85,17,19,0,0,0,0,0,0
23,86,79,129,15,6,0,0,0,0
23,87,673,725,89,94,3,0,0,0
23,88,535,898,71,87,0,0,0,0
23,90,4,3,0,0,0,0,0,0
23,91,1177,1550,120,152,0,0,0,0
23,92,164,190,15,13,0,0,0,0
23,93,1139,1351,165,175,0,0,0,0
23,94,2451,2648,374,399,3,0,0,0
23,95,19,27,0,0,0,0,0,0
23,96,501,589,28,45,0,0,0,0
23,97,220,273,34,24,0,0,0,0
23,98,370,503,35,32,0,0,0,0
23,99,122,139,9,14,0,0,0,0
23,100,655,772,52,80,0,0,0,0
23,101,652,666,37,63,0,0,0,0
23,102,133,156,9,20,0,0,0,0
23,103,0,3,0,0,0,0,0,0
23,104,3,3,3,0,0,0,0,0
23,106,100,134,0,16,0,0,0,0
23,107,564,663,74,85,0,0,0,0
23,108,234,278,13,35,0,0,0,0
23,109,183,187,6,18,0,0,0,0
23,110,152,169,3,6,0,0,0,0
23,111,159,212,12,9,0,0,0,0
23,112,50,70,3,0,0,0,0,0
23,113,369,419,45,50,0,0,0,0
23,114,239,278,22,25,0,0,0,0
23,115,61,92,6,9,0,0,0,0
23,116,140,207,12,3,0,0,0,0
23,117,191,223,3,18,0,0,0,0
23,118,133,178,9,6,0,0,0,0
23,119,6,13,0,0,0,0,0,0
23,120,147,200,6,12,0,0,0,0
23,121,83,103,9,9,0,0,0,0
23,122,39,69,32,8,0,0,0,0
23,123,134,157,3,3,0,0,0,0
23,124,98,110,12,0,0,0,0,0
23,125,37,34,0,0,0,0,0,0
23,126,28,36,0,0,0,0,0,0
23,127,50,70,3,0,0,0,0,0
24,65,5,0,0,0,0,0,0,0
24,66,167,230,38,35,0,0,0,0
24,67,140,165,29,12,0,0,0,0
24,68,963,1213,285,238,0,0,0,0
24,69,138,197,23,20,0,0,0,0
24,70,50,48,0,0,0,0,0,0
24,71,382,412,38,23,0,0,0,0
24,72,77,88,3,0,0,0,0,0
24,73,53,60,0,0,0,0,0,0
24,74,23,29,0,0,0,0,0,0
24,75,54,48,3,3,0,0,0,0
24,76,309,366,24,26,0,0,0,0
24,77,107,140,6,9,0,0,0,0
24,78,103,135,0,0,0,0,0,0
24,79,35,27,0,6,0,0,0,0
24,80,109,91,6,3,0,0,0,0
24,81,90,115,0,12,0,0,0,0
24,82,1221,1426,251,158,0,0,0,0
24,83,175,189,25,21,0,0,0,0
24,84,35,39,0,3,0,0,0,0
24,85,477,563,27,59,0,0,0,0
24,86,6,3,0,0,0,0,0,0
24,87,1859,2283,293,375,3,0,0,0
24,88,101,148,16,7,0,0,0,0
24,91,18,21,5,3,0,0,0,0
24,92,72,71,6,9,0,0,0,0
24,93,429,537,35,68,0,0,0,0
24,94,1108,1256,106,189,9,0,0,0
24,95,542,631,24,53,0,0,0,0
24,96,259,299,12,38,0,0,0,0
24,97,335,405,29,31,0,0,0,0
24,98,226,270,6,25,0,0,0,0
24,99,954,955,70,141,0,0,0,0
24,100,2325,2493,286,445,0,0,0,0
24,101,258,297,23,20,0,0,0,0
24,102,82,75,8,0,0,0,0,0
24,103,588,619,42,67,0,0,0,0
24,106,77,111,9,11,0,0,0,0
24,107,242,248,6,39,0,0,0,0
24,108,74,84,5,3,0,0,0,0
24,109,59,47,9,3,0,0,0,0
24,110,29,38,0,3,0,0,0,0
24,111,218,245,6,27,0,0,0,0
24,112,789,1016,68,71,0,0,0,0
24,113,46,70,3,0,0,0,0,0
24,114,21,34,3,0,0,0,0,0
24,115,30,36,0,0,0,0,0,0
24,116,51,45,3,0,0,0,0,0
24,117,32,49,3,0,0,0,0,0
24,118,107,125,6,0,0,0,0,0
24,119,51,55,3,0,0,0,0,0
24,120,39,51,6,0,0,0,0,0
24,121,29,45,6,3,0,0,0,0
24,122,17,38,3,0,0,0,0,0
24,123,195,281,36,15,0,0,0,0
24,124,300,338,25,27,0,0,0,0
24,125,66,112,3,0,0,0,0,0
24,126,245,305,11,12,0,0,0,0
24,127,26,25,0,0,0,0,0,0
25,62,0,3,0,0,0,0,0,0
25,63,0,3,0,0,0,0,0,0
25,64,47,22,0,9,0,0,0,0
25,65,0,6,0,3,0,0,0,0
25,66,654,814,170,102,6,0,0,0
25,67,39,59,6,10,0,0,0,0
25,70,216,273,25,31,0,0,0,0
25,71,148,154,24,11,0,0,0,0
25,72,62,74,3,3,0,0,0,0
25,73,163,183,13,6,0,0,0,0
25,74,100,111,9,6,0,0,0,0
25,75,16,19,0,0,0,0,0,0
25,76,1132,1437,183,130,0,0,0,0
25,77,63,90,3,3,0,0,0,0
25,78,80,91,3,0,0,0,0,0
25,79,322,336,18,22,0,0,0,0
25,80,128,139,9,3,0,0,0,0
25,81,155,122,6,9,0,0,0,0
25,82,118,125,3,6,0,0,0,0
25,83,100,91,6,12,0,0,0,0
25,84,91,95,6,13,0,0,0,0
25,85,75,86,3,0,0,0,0,0
25,86,42,62,3,0,0,0,0,0
25,87,948,1072,100,129,3,0,0,0
25,88,0,0,3,0,0,0,0,0
25,92,1066,1353,97,155,0,0,0,0
25,93,172,223,23,14,0,0,0,0
25,94,56,70,0,3,0,0,0,0
25,95,151,181,6,9,0,0,0,0
25,96,151,211,17,12,0,0,0,0
25,97,435,525,15,34,0,0,0,0
25,98,256,335,21,25,0,0,0,0
25,99,2815,3322,285,463,9,0,0,0
25,100,4756,5027,846,982,9,0,0,0
25,101,1222,1431,164,164,3,0,0,0
25,102,249,279,12,16,0,0,0,0
25,103,14,19,0,0,0,0,0,0
25,104,245,231,16,40,0,0,0,0
25,105,617,661,36,79,0,0,0,0
25,106,6,3,0,0,0,0,0,0
25,107,0,3,0,0,0,0,0,0
25,108,297,378,31,24,0,0,0,0
25,109,1760,2216,255,261,0,0,0,0
25,110,321,348,32,41,0,0,0,0
25,111,79,127,3,10,0,0,0,0
25,112,33,51,0,3,0,0,0,0
25,113,28,24,3,3,0,0,0,0
25,114,69,79,3,3,0,0,0,0
25,115,26,38,0,0,0,0,0,0
25,116,28,31,0,0,0,0,0,0
25,117,82,96,3,0,0,0,0,0
25,118,19,22,0,0,0,0,0,0
25,119,77,100,7,3,0,0,0,0
25,120,59,90,7,4,0,0,0,0
25,121,81,121,6,0,0,0,0,0
25,122,30,37,3,3,0,0,0,0
25,123,0,9,0,0,0,0,0,0
25,125,16,12,0,3,0,0,0,0
25,126,44,53,0,0,0,0,0,0
25,127,72,81,6,3,0,0,0,0
26,64,0,3,0,0,0,0,0,0
26,66,7,15,0,9,0,0,0,0
26,67,125,179,35,29,0,0,0,0
26,68,58,74,0,3,0,0,0,0
26,69,75,72,9,0,0,0,0,0
26,70,153,151,3,14,0,0,0,0
26,71,102,100,3,3,0,0,0,0
26,72,59,78,6,6,0,0,0,0
26,73,95,90,6,0,0,0,0,0
26,74,411,376,52,28,0,0,0,0
26,75,35,35,0,3,0,0,0,0
26,76,1832,2339,266,320,3,0,0,0
26,77,496,571,90,66,0,0,0,0
26,78,89,106,3,6,0,0,0,0
26,79,96,116,3,9,0,0,0,0
26,80,86,92,3,0,0,0,0,0
26,81,73,86,4,9,0,0,0,0
26,82,135,158,6,3,0,0,0,0
26,83,3,3,0,0,0,0,0,0
26,84,102,113,21,6,0,0,0,0
26,85,401,466,29,53,3,0,0,0
26,86,144,202,18,9,0,0,0,0
26,87,41,69,0,3,0,0,0,0
26,88,4,13,0,0,0,0,0,0
26,92,86,106,3,6,0,0,0,0
26,93,37,48,0,0,0,0,0,0
26,94,546,615,34,100,0,0,0,0
26,95,145,71,9,9,0,0,0,0
26,96,290,377,35,42,0,0,0,0
26,97,331,420,27,37,0,0,0,0
26,98,60,78,0,4,0,0,0,0
26,99,21,31,0,3,0,0,0,0
26,100,738,752,45,128,0,0,0,0
26,101,92,110,3,6,0,0,0,0
26,102,57,50,6,9,0,0,0,0
26,103,43,62,0,0,0,0,0,0
26,104,237,264,18,42,0,0,0,0
26,105,58,64,0,6,0,0,0,0
26,106,210,245,15,24,0,0,0,0
26,107,10,21,3,6,0,0,0,0
26,108,182,244,30,33,3,0,0,0
26,109,2509,2689,474,432,0,0,0,0
26,110,1256,1405,180,179,3,0,0,0
26,111,415,454,18,40,0,0,0,0
26,112,45,48,6,3,0,0,0,0
26,113,85,71,0,17,0,0,0,0
26,114,348,435,21,41,0,0,0,0
26,115,24,40,0,3,0,0,0,0
26,116,45,71,6,0,0,0,0,0
26,117,494,534,59,43,0,0,0,0
26,118,32,28,0,0,0,0,0,0
26,119,64,78,0,3,0,0,0,0
26,120,681,881,126,102,0,0,0,0
26,121,21,23,3,0,0,0,0,0
26,122,239,291,35,27,0,0,0,0
26,123,12,9,0,0,0,0,0,0
26,124,36,41,3,3,0,0,0,0
26,125,65,100,9,0,0,0,0,0
26,126,506,683,107,68,0,0,0,0
26,127,9,12,0,0,0,0,0,0
27,66,28,46,0,6,0,0,0,0
27,67,558,607,86,73,0,0,0,0
27,68,260,314,20,21,0,0,0,0
27,69,266,373,32,31,0,0,0,0
27,70,225,259,36,27,0,0,0,0
27,71,81,80,3,6,0,0,0,0
27,72,96,110,6,0,0,0,0,0
27,73,112,129,6,6,0,0,0,0
27,74,69,92,0,0,0,0,0,0
27,75,340,380,36,42,0,0,0,0
27,76,1880,2427,218,234,0,0,0,0
27,77,245,236,15,20,0,0,0,0
27,79,45,49,3,0,0,0,0,0
27,80,133,155,6,20,0,0,0,0
27,81,150,133,9,13,0,0,0,0
27,82,448,513,25,44,0,0,0,0
27,83,121,132,12,3,0,0,0,0
27,84,143,173,11,16,0,0,0,0
27,85,1590,1970,262,284,0,0,0,0
27,86,2083,2314,308,390,0,0,0,0
27,87,2694,3314,361,477,3,0,0,0
27,88,931,1276,161,123,3,0,0,0
27,92,73,87,12,15,0,0,0,0
27,93,674,791,62,97,0,0,0,0
27,94,326,365,19,32,0,0,0,0
27,95,73,98,0,0,0,0,0,0
27,96,12,14,0,0,0,0,0,0
27,97,248,248,23,22,0,0,0,0
27,98,452,495,37,20,0,0,0,0
27,99,104,122,12,6,0,0,0,0
27,100,59,63,3,10,0,0,0,0
27,101,141,152,3,12,0,0,0,0
27,102,120,128,15,9,0,0,0,0
27,103,277,300,15,45,3,0,0,0
27,104,22,35,0,0,0,0,0,0
27,105,548,530,45,100,0,0,0,0
27,106,175,210,24,24,4,0,0,0
27,107,705,928,62,69,0,0,0,0
27,108,66,71,6,9,0,0,0,0
27,109,109,142,5,23,0,0,0,0
27,110,59,65,0,3,0,0,0,0
27,111,53,68,3,6,0,0,0,0
27,112,162,212,9,21,0,0,0,0
27,113,40,60,3,3,0,0,0,0
27,114,68,96,12,3,0,0,0,0
27,115,16,23,0,0,0,0,0,0
27,116,64,104,3,3,0,0,0,0
27,117,173,306,27,18,0,0,0,0
27,118,86,112,3,3,0,0,0,0
27,119,19,21,6,0,0,0,0,0
27,120,293,347,21,27,0,0,0,0
27,121,30,56,3,0,0,0,0,0
27,122,59,99,3,0,0,0,0,0
27,123,12,17,3,0,0,0,0,0
27,124,16,19,0,0,0,0,0,0
27,125,151,195,15,9,0,0,0,0
27,126,84,124,15,6,0,0,0,0
27,127,105,104,9,6,0,0,0,0
28,65,3,3,0,0,0,0,0,0
28,66,66,102,6,0,0,0,0,0
28,67,113,115,6,18,0,0,0,0
28,68,0,3,0,0,0,0,0,0
28,69,23,25,3,0,0,0,0,0
28,70,60,77,0,0,0,0,0,0
28,71,57,92,3,0,0,0,0,0
28,72,854,1044,125,141,0,0,0,0
28,73,162,179,21,13,0,0,0,0
28,74,141,124,0,6,0,0,0,0
28,75,544,586,36,48,0,0,0,0
28,76,516,596,29,53,0,0,0,0
28,77,71,111,3,3,0,0,0,0
28,78,12,13,3,0,0,0,0,0
28,79,351,367,38,25,0,0,0,0
28,80,183,213,11,17,0,0,0,0
28,81,125,113,6,18,0,0,0,0
28,82,121,148,15,10,3,0,0,0
28,83,314,371,28,29,0,0,0,0
28,84,132,159,15,15,0,0,0,0
28,85,475,608,44,46,0,0,0,0
28,86,330,448,53,38,0,0,0,0
28,87,189,221,12,19,0,0,0,0
28,88,242,294,28,21,0,0,0,0
28,89,13,16,0,0,0,0,0,0
28,91,32,45,0,0,0,0,0,0
28,92,857,994,62,76,0,0,0,0
28,93,468,529,21,60,0,0,0,0
28,94,177,233,9,7,0,0,0,0
28,95,446,568,36,21,0,0,0,0
28,96,17,32,0,3,0,0,0,0
28,97,113,123,9,7,0,0,0,0
28,98,79,82,6,9,0,0,0,0
28,99,241,320,16,36,0,0,0,0
28,100,255,334,21,12,0,0,0,0
28,101,290,332,19,33,0,0,0,0
28,102,181,235,6,26,0,0,0,0
28,103,154,182,7,19,0,0,0,0
28,104,242,352,18,25,0,0,0,0
28,105,577,662,75,61,0,0,0,0
28,106,618,766,123,113,0,0,0,0
28,107,44,57,0,3,0,0,0,0
28,108,170,248,17,19,0,0,0,0
28,109,145,185,9,24,0,0,0,0
28,110,60,69,0,0,0,0,0,0
28,111,65,117,6,9,0,0,0,0
28,112,726,933,83,94,0,0,0,0
28,113,58,76,6,0,0,0,0,0
28,114,163,219,4,3,0,0,0,0
28,115,47,71,0,0,0,0,0,0
28,116,486,758,31,44,0,0,0,0
28,117,132,193,17,6,0,0,0,0
28,118,131,144,12,9,0,0,0,0
28,119,32,35,0,0,0,0,0,0
28,120,6,14,0,0,0,0,0,0
28,121,199,297,24,19,0,0,0,0
28,122,553,688,76,87,0,0,0,0
28,123,364,462,97,26,0,0,0,0
28,124,76,92,9,0,0,0,0,0
28,125,156,220,22,4,0,0,0,0
28,126,60,75,3,6,0,0,0,0
28,127,103,184,18,9,0,0,0,0
29,63,3,0,0,0,0,0,0,0
29,65,141,170,20,37,0,0,0,0
29,66,69,93,6,12,0,0,0,0
29,70,530,692,69,106,0,0,0,0
29,71,514,591,34,88,0,0,0,0
29,72,16,14,3,0,0,0,0,0
29,73,7,9,0,3,0,0,0,0
29,74,29,23,3,3,0,0,0,0
29,75,2272,2778,442,462,3,0,0,0
29,76,2305,2732,428,469,0,0,0,0
29,77,58,44,3,6,0,0,0,0
29,78,93,92,0,3,0,0,0,0
29,79,271,274,25,13,0,0,0,0
29,80,141,142,9,18,0,0,0,0
29,81,24,32,0,8,0,0,0,0
29,82,119,111,3,12,0,0,0,0
29,83,950,1150,130,102,3,0,0,0
29,84,74,78,3,3,0,0,0,0
29,85,52,85,0,0,0,0,0,0
29,86,56,68,0,8,0,0,0,0
29,87,104,122,0,16,0,0,0,0
29,88,237,226,7,23,0,0,0,0
29,89,78,103,3,6,0,0,0,0
29,90,3,0,0,0,0,0,0,0
29,91,160,197,9,13,0,0,0,0
29,92,147,205,6,11,0,0,0,0
29,93,121,118,9,3,0,0,0,0
29,94,28,47,0,0,0,0,0,0
29,95,19,23,0,3,0,0,0,0
29,96,60,68,6,0,0,0,0,0
29,97,52,66,0,3,0,0,0,0
29,98,101,107,6,6,0,0,0,0
29,99,63,68,0,0,0,0,0,0
29,100,29,48,0,0,0,0,0,0
29,101,36,56,3,0,0,0,0,0
29,102,80,104,0,12,0,0,0,0
29,103,131,146,6,6,0,0,0,0
29,104,186,226,7,28,0,0,0,0
29,105,49,54,0,3,0,0,0,0
29,106,18,35,0,0,0,0,0,0
29,107,35,48,3,0,0,0,0,0
29,108,715,875,143,84,3,0,0,0
29,109,82,104,6,10,0,0,0,0
29,110,297,350,15,37,0,0,0,0
29,111,417,553,31,54,0,0,0,0
29,112,152,181,15,16,0,0,0,0
29,113,375,601,54,25,3,0,0,0
29,114,85,105,9,9,0,0,0,0
29,115,24,32,0,0,0,0,0,0
29,116,524,662,92,38,3,0,0,0
29,117,247,297,15,6,0,0,0,0
29,118,27,33,0,0,0,0,0,0
29,119,19,16,0,0,0,0,0,0
29,120,292,399,13,25,0,0,0,0
29,121,33,57,3,3,0,0,0,0
29,122,893,1153,158,112,0,0,0,0
29,123,190,233,15,23,0,0,0,0
29,124,35,50,3,0,0,0,0,0
29,125,16,13,0,0,0,0,0,0
29,126,17,21,0,0,0,0,0,0
29,127,43,76,0,0,0,0,0,0
30,62,8,15,0,4,0,0,0,0
30,63,3,0,0,3,0,0,0,0
30,64,6,6,0,0,0,0,0,0
30,65,256,328,37,46,0,0,0,0
30,70,355,403,35,45,0,0,0,0
30,71,131,159,16,17,0,0,0,0
30,72,6,10,0,3,0,0,0,0
30,73,0,3,0,0,0,0,0,0
30,74,188,214,28,12,0,0,0,0
30,75,734,894,233,136,0,0,0,0
30,76,592,674,45,67,3,0,0,0
30,77,79,105,9,3,0,0,0,0
30,78,21,19,0,0,0,0,0,0
30,79,77,76,3,8,0,0,0,0
30,80,643,803,70,57,0,0,0,0
30,81,40,35,0,5,0,0,0,0
30,82,49,59,3,5,0,0,0,0
30,83,108,138,6,9,0,0,0,0
30,84,166,198,6,6,0,0,0,0
30,85,333,340,6,29,0,0,0,0
30,86,32,48,0,3,0,0,0,0
30,87,42,68,0,3,0,0,0,0
30,88,838,766,80,112,0,0,0,0
30,89,186,221,6,9,0,0,0,0
30,90,69,105,6,0,0,0,0,0
30,91,9,14,3,3,0,0,0,0
30,92,109,145,9,6,0,0,0,0
30,93,68,89,3,7,0,0,0,0
30,94,202,269,21,9,0,0,0,0
30,95,920,1055,150,149,0,0,0,0
30,96,48,79,0,3,0,0,0,0
30,97,402,456,40,29,0,0,0,0
30,98,316,365,24,19,0,0,0,0
30,99,19,26,0,3,0,0,0,0
30,100,148,247,9,3,0,0,0,0
30,101,37,52,0,0,0,0,0,0
30,102,91,99,9,6,0,0,0,0
30,103,59,100,0,0,0,0,0,0
30,104,93,97,9,3,0,0,0,0
30,105,112,129,3,9,0,0,0,0
30,106,74,103,0,3,0,0,0,0
30,107,227,283,15,21,0,0,0,0
30,108,156,225,9,3,0,0,0,0
30,109,96,146,3,9,0,0,0,0
30,110,79,116,0,0,0,0,0,0
30,111,489,622,38,66,0,0,0,0
30,112,44,74,3,0,0,0,0,0
30,113,73,91,3,6,0,0,0,0
30,114,11,13,0,0,0,0,0,0
30,115,199,248,18,23,0,0,0,0
30,116,242,302,24,27,0,0,0,0
30,117,134,169,3,0,0,0,0,0
30,118,25,29,0,0,0,0,0,0
30,119,18,32,0,0,0,0,0,0
30,120,31,43,0,0,0,0,0,0
30,121,59,78,3,3,0,0,0,0
30,122,27,41,0,0,0,0,0,0
30,123,30,47,0,0,0,0,0,0
30,124,54,69,6,0,0,0,0,0
30,125,15,27,0,0,0,0,0,0
30,126,37,47,0,0,0,0,0,0
30,127,178,238,21,18,0,0,0,0
31,64,9,7,0,0,0,0,0,0
31,65,0,3,0,0,0,0,0,0
31,70,301,360,25,41,3,0,0,0
31,73,9,28,0,0,0,0,0,0
31,74,1944,2440,244,313,3,0,0,0
31,75,3855,4601,676,677,6,0,0,0
31,76,97,139,13,3,0,0,0,0
31,77,166,194,15,14,0,0,0,0
31,78,99,113,0,0,0,0,0,0
31,79,184,219,9,16,0,0,0,0
31,80,97,103,3,6,0,0,0,0
31,81,172,183,9,6,0,0,0,0
31,82,70,88,12,0,0,0,0,0
31,83,367,381,25,35,3,0,0,0
31,84,28,36,0,3,0,0,0,0
31,85,32,40,0,0,0,0,0,0
31,86,30,38,0,0,0,0,0,0
31,87,43,37,3,3,0,0,0,0
31,88,247,292,21,18,0,0,0,0
31,89,53,67,3,3,0,0,0,0
31,90,24,38,0,3,0,0,0,0
31,92,48,62,0,0,0,0,0,0
31,93,114,140,0,0,0,0,0,0
31,94,81,119,3,3,0,0,0,0
31,95,508,501,57,83,0,0,0,0
31,96,52,50,0,3,0,0,0,0
31,97,87,109,6,0,0,0,0,0
31,98,77,90,3,0,0,0,0,0
31,99,61,50,3,0,0,0,0,0
31,100,71,85,3,6,0,0,0,0
31,101,22,31,0,0,0,0,0,0
31,102,394,533,32,30,0,0,0,0
31,103,106,106,3,6,0,0,0,0
31,104,128,157,6,3,0,0,0,0
31,105,133,182,9,6,0,0,0,0
31,106,109,123,13,3,0,0,0,0
31,107,38,66,3,0,0,0,0,0
31,108,68,97,3,0,0,0,0,0
31,109,31,40,3,0,0,0,0,0
31,110,381,536,25,10,0,0,0,0
31,111,283,484,15,23,0,0,0,0
31,112,75,138,9,3,0,0,0,0
31,113,878,1070,53,106,0,0,0,0
31,114,963,1462,142,160,3,0,0,0
31,115,354,467,100,48,0,0,0,0
31,116,16,14,0,0,0,0,0,0
31,117,24,32,0,0,0,0,0,0
31,118,57,72,6,3,0,0,0,0
31,119,29,29,0,0,0,0,0,0
31,120,567,672,27,57,0,0,0,0
31,121,58,63,3,0,0,0,0,0
31,122,37,58,0,3,0,0,0,0
31,123,0,9,0,0,0,0,0,0
31,124,129,175,6,9,0,0,0,0
31,125,28,55,6,0,0,0,0,0
31,126,13,15,0,0,0,0,0,0
31,127,65,61,3,3,0,0,0,0
32,65,10,5,0,0,0,0,0,0
32,67,3,9,3,3,0,0,0,0
32,68,99,136,3,6,0,0,0,0
32,69,340,310,71,44,0,0,0,0
32,70,406,491,33,52,0,0,0,0
32,71,141,160,23,21,0,0,0,0
32,72,300,410,36,44,0,0,0,0
32,73,592,748,75,82,3,0,0,0
32,74,563,696,59,69,0,0,0,0
32,75,1692,2012,258,302,0,0,0,0
32,76,61,57,3,3,0,0,0,0
32,77,1848,2436,219,295,0,0,0,0
32,78,219,263,21,27,0,0,0,0
32,79,250,258,18,12,0,0,0,0
32,83,121,128,6,7,0,0,0,0
32,84,70,80,6,0,0,0,0,0
32,85,179,225,9,12,0,0,0,0
32,86,63,91,6,0,0,0,0,0
32,87,14,25,0,0,0,0,0,0
32,88,288,367,18,27,0,0,0,0
32,89,213,232,12,12,0,0,0,0
32,90,20,20,0,0,0,0,0,0
32,91,210,301,39,12,0,0,0,0
32,92,374,464,29,25,0,0,0,0
32,93,21,20,0,0,0,0,0,0
32,94,27,36,0,3,0,0,0,0
32,95,41,48,3,0,0,0,0,0
32,96,68,78,6,0,0,0,0,0
32,97,73,102,3,6,0,0,0,0
32,98,46,68,6,3,0,0,0,0
32,99,100,139,9,3,0,0,0,0
32,100,28,35,0,3,0,0,0,0
32,101,62,80,0,0,3,0,0,0
32,102,212,258,49,29,0,0,0,0
32,103,318,354,21,25,0,0,0,0
32,104,135,133,9,6,0,0,0,0
32,105,60,77,0,0,0,0,0,0
32,106,72,76,0,3,0,0,0,0
32,107,93,114,9,10,0,0,0,0
32,108,509,617,32,63,0,0,0,0
32,109,78,117,0,9,0,0,0,0
32,110,59,100,0,0,0,0,0,0
32,111,336,526,27,31,0,0,0,0
32,112,88,143,15,13,0,0,0,0
32,113,1112,1540,138,172,0,0,0,0
32,114,3240,4663,629,508,3,0,0,0
32,115,37,40,0,0,0,0,0,0
32,116,11,20,0,0,0,0,0,0
32,117,169,278,12,18,0,0,0,0
32,118,119,154,15,16,0,0,0,0
32,119,28,34,0,0,0,0,0,0
32,120,12,23,0,0,0,0,0,0
32,121,33,54,0,0,0,0,0,0
32,122,140,191,6,3,0,0,0,0
32,123,105,105,6,0,0,0,0,0
32,124,43,45,6,0,0,0,0,0
32,125,49,66,3,3,0,0,0,0
32,126,8,9,0,0,0,0,0,0
32,127,86,104,6,0,0,0,0,0
33,65,28,23,0,0,0,0,0,0
33,67,4,3,0,0,0,0,0,0
33,68,638,855,89,82,3,0,0,0
33,69,1134,1224,176,220,0,0,0,0
33,70,371,493,52,67,0,0,0,0
33,71,1215,1476,201,212,0,0,0,0
33,72,1668,2100,262,284,3,0,0,0
33,73,385,562,47,67,0,0,0,0
33,74,2643,3142,315,462,3,0,0,0
33,75,6129,6038,1081,1382,15,0,0,0
33,76,5090,4885,629,920,21,0,0,0
33,77,568,671,59,101,0,0,0,0
33,78,90,126,12,0,0,0,0,0
33,79,497,661,18,44,0,0,0,0
33,80,300,309,25,24,0,0,0,0
33,81,107,98,6,3,0,0,0,0
33,82,489,528,68,61,0,0,0,0
33,83,168,153,3,16,0,0,0,0
33,84,17,24,0,0,0,0,0,0
33,85,189,188,6,22,0,0,0,0
33,86,606,804,78,62,0,0,0,0
33,87,165,168,9,9,3,0,0,0
33,88,65,73,0,0,0,0,0,0
33,89,462,464,33,25,0,0,0,0
33,90,64,54,0,6,0,0,0,0
33,91,68,78,3,0,0,0,0,0
33,92,62,68,3,3,0,0,0,0
33,93,196,214,6,11,0,0,0,0
33,94,49,54,0,0,0,0,0,0
33,95,640,684,42,18,0,0,0,0
33,96,186,250,18,18,0,0,0,0
33,97,39,45,3,0,0,0,0,0
33,98,299,385,24,14,0,0,0,0
33,99,228,290,16,10,3,0,0,0
33,100,54,72,9,0,0,0,0,0
33,101,100,133,7,3,0,0,0,0
33,102,1253,1411,199,211,3,0,0,0
33,103,634,747,85,73,0,0,0,0
33,104,145,185,37,12,0,0,0,0
33,105,193,233,9,12,0,0,0,0
33,106,53,77,0,3,0,0,0,0
33,107,81,108,0,3,0,0,0,0
33,108,178,206,12,21,0,0,0,0
33,109,60,93,10,3,0,0,0,0
33,110,95,134,0,6,0,0,0,0
33,111,415,492,22,39,0,0,0,0
33,112,1816,2386,263,261,3,0,0,0
33,113,6635,6193,1425,1573,3,0,0,0
33,114,4277,4786,763,961,3,0,0,0
33,115,81,129,0,11,0,0,0,0
33,116,87,121,6,3,0,0,0,0
33,117,35,52,0,0,0,0,0,0
33,118,10,6,0,0,0,0,0,0
33,119,30,52,6,0,0,0,0,0
33,120,105,131,12,0,0,0,0,0
33,121,6,6,0,0,0,0,0,0
33,123,28,34,0,0,0,0,0,0
33,124,90,112,9,3,0,0,0,0
33,125,13,19,0,0,0,0,0,0
33,126,62,99,9,3,0,0,0,0
33,127,6,6,0,0,0,0,0,0
34,62,9,3,0,3,0,0,0,0
34,63,0,3,0,0,0,0,0,0
34,64,32,40,3,0,0,0,0,0
34,65,35,32,3,0,0,0,0,0
34,67,187,237,27,32,0,0,0,0
34,68,874,962,120,120,0,0,0,0
34,69,166,215,18,12,0,0,0,0
34,70,60,65,3,3,0,0,0,0
34,71,1334,1559,141,152,3,0,0,0
34,72,66,75,3,6,0,0,0,0
34,73,102,194,12,13,0,0,0,0
34,74,1914,2054,210,347,3,0,0,0
34,75,4914,4482,727,1128,21,0,0,0
34,76,2461,2703,538,541,3,0,0,0
34,77,324,331,33,33,0,0,0,0
34,78,256,282,18,32,0,0,0,0
34,79,201,265,15,17,0,0,0,0
34,80,96,83,3,13,0,0,0,0
34,81,109,140,3,3,0,0,0,0
34,82,526,549,69,62,0,0,0,0
34,83,355,396,15,22,0,0,0,0
34,84,226,265,15,12,0,0,0,0
34,85,288,294,26,41,0,0,0,0
34,86,204,229,6,26,0,0,0,0
34,87,315,371,30,21,0,0,0,0
34,88,53,50,3,0,0,0,0,0
34,89,109,140,3,0,0,0,0,0
34,90,361,434,36,32,0,0,0,0
34,91,48,55,3,3,0,0,0,0
34,92,41,57,3,3,0,0,0,0
34,93,185,206,9,9,0,0,0,0
34,94,101,132,3,0,0,0,0,0
34,95,195,99,26,50,0,0,0,0
34,96,62,82,3,0,0,0,0,0
34,97,441,563,27,36,0,0,0,0
34,98,1975,2206,246,271,3,0,0,0
34,99,1493,1552,170,243,0,0,0,0
34,100,332,141,6,15,0,0,0,0
34,101,87,99,0,3,0,0,0,0
34,102,53,61,6,6,0,0,0,0
34,103,57,84,3,0,0,0,0,0
34,104,51,75,6,3,0,0,0,0
34,105,23,42,0,0,0,0,0,0
34,106,18,40,0,0,0,0,0,0
34,107,34,42,0,3,0,0,0,0
34,108,388,457,43,34,0,0,0,0
34,109,204,265,12,15,0,0,0,0
34,110,105,140,9,6,0,0,0,0
34,111,415,533,32,26,0,0,0,0
34,112,1547,1902,206,324,0,0,0,0
34,113,3615,3330,822,744,3,0,0,0
34,114,3851,4299,729,921,6,0,0,0
34,115,2843,3572,462,477,0,0,0,0
34,116,21,39,6,3,0,0,0,0
34,117,52,67,3,3,0,0,0,0
34,118,40,45,3,0,0,0,0,0
34,119,35,40,0,0,0,0,0,0
34,120,101,130,3,15,0,0,0,0
34,121,92,114,6,3,0,0,0,0
34,122,18,27,0,0,0,0,0,0
34,124,410,557,58,78,0,0,0,0
34,125,16,19,0,0,0,0,0,0
34,126,73,88,0,6,0,0,0,0
34,127,66,113,9,0,0,0,0,0
35,61,3,3,0,0,0,0,0,0
35,62,68,81,0,10,0,0,0,0
35,63,26,31,3,3,0,0,0,0
35,64,455,620,130,103,0,0,0,0
35,65,138,162,17,18,0,0,0,0
35,66,11,7,3,0,0,0,0,0
35,67,111,123,9,6,0,0,0,0
35,68,111,116,6,0,0,0,0,0
35,69,735,907,118,102,0,0,0,0
35,70,75,80,3,6,0,0,0,0
35,71,315,330,40,22,0,0,0,0
35,72,599,618,52,80,0,0,0,0
35,73,576,752,109,98,0,0,0,0
35,74,165,256,15,12,0,0,0,0
35,75,1119,1413,150,177,0,0,0,0
35,76,965,1111,184,168,0,0,0,0
35,77,170,223,3,19,0,0,0,0
35,78,85,101,6,3,0,0,0,0
35,79,85,94,6,9,0,0,0,0
35,80,342,352,31,51,0,0,0,0
35,81,73,69,0,9,0,0,0,0
35,82,97,94,6,9,0,0,0,0
35,83,634,705,73,86,0,0,0,0
35,84,197,224,19,8,0,0,0,0
35,85,619,284,6,24,0,0,0,0
35,86,724,950,113,95,0,0,0,0
35,87,364,415,24,35,0,0,0,0
35,88,46,53,3,3,0,0,0,0
35,89,41,56,3,3,0,0,0,0
35,90,115,153,3,0,0,0,0,0
35,91,81,104,6,15,0,0,0,0
35,92,1980,2315,324,320,0,0,0,0
35,93,187,212,17,29,0,0,0,0
35,94,18,17,0,3,0,0,0,0
35,95,49,81,3,0,0,0,0,0
35,96,41,63,3,3,0,0,0,0
35,97,77,109,9,0,0,0,0,0
35,98,125,146,12,13,0,0,0,0
35,99,117,170,16,15,0,0,0,0
35,100,68,75,3,3,0,0,0,0
35,101,60,52,3,3,0,0,0,0
35,102,442,516,56,28,0,0,0,0
35,103,182,227,21,3,0,0,0,0
35,104,25,51,0,0,0,0,0,0
35,105,89,95,9,3,3,0,0,0
35,106,42,53,0,3,0,0,0,0
35,107,26,31,0,0,0,0,0,0
35,108,158,237,21,10,0,0,0,0
35,109,36,52,3,0,0,0,0,0
35,110,266,352,9,30,0,0,0,0
35,111,84,107,0,12,0,0,0,0
35,112,202,94,3,53,0,0,0,4
35,113,295,319,12,41,0,0,0,0
35,114,1361,1023,129,216,3,0,0,0
35,115,389,576,55,70,0,0,0,0
35,116,515,720,41,69,0,0,0,0
35,117,607,711,50,51,0,0,0,0
35,118,177,281,19,16,3,0,0,0
35,119,23,23,3,0,0,0,0,0
35,120,38,32,6,0,0,0,0,0
35,121,399,552,55,50,0,0,0,0
35,122,1774,2111,308,189,0,0,0,0
35,123,221,308,18,21,0,0,0,0
35,124,776,985,170,113,0,0,0,0
35,125,130,170,9,12,0,0,0,0
35,126,146,233,6,12,0,0,0,0
35,127,13,20,0,0,0,0,0,0
36,61,225,252,51,64,0,0,0,0
36,62,1549,1984,333,360,0,0,0,0
36,63,378,373,112,84,0,0,0,0
36,64,929,1146,158,230,0,0,0,0
36,65,98,116,8,15,0,0,0,0
36,67,29,29,0,0,0,0,0,0
36,69,12,28,0,0,0,0,0,0
36,70,200,151,27,28,0,0,0,0
36,71,105,121,3,3,0,0,0,0
36,72,136,200,12,11,0,0,0,0
36,73,256,271,12,27,3,0,0,0
36,74,332,380,27,26,0,0,0,0
36,75,552,571,40,53,0,0,0,0
36,76,256,301,25,30,0,0,0,0
36,77,553,574,38,58,3,0,0,0
36,78,118,125,3,9,0,0,0,0
36,79,160,153,9,0,0,0,0,0
36,80,282,303,7,36,0,0,0,0
36,81,45,69,0,7,0,0,0,0
36,82,99,96,3,6,0,0,0,0
36,83,180,182,9,12,0,0,0,0
36,84,130,175,12,6,0,0,0,0
36,85,92,103,3,6,0,0,0,0
36,86,236,230,3,33,0,0,0,0
36,87,1543,1474,198,298,3,0,0,0
36,88,52,65,3,0,0,0,0,0
36,89,440,491,47,41,0,0,0,0
36,90,101,121,3,0,0,0,0,0
36,91,47,64,0,0,0,0,0,0
36,92,92,107,10,9,0,0,0,0
36,93,242,261,15,6,0,0,0,0
36,94,45,33,3,0,0,0,0,0
36,95,131,133,3,3,0,0,0,0
36,96,52,72,3,0,0,0,0,0
36,97,94,120,3,3,0,0,0,0
36,98,233,251,15,16,0,0,0,0
36,99,144,151,6,12,0,0,0,0
36,100,175,193,21,6,0,0,0,0
36,101,26,34,0,3,0,0,0,0
36,102,74,84,0,0,0,0,0,0
36,103,64,97,9,0,0,0,0,0
36,104,55,75,0,3,0,0,0,0
36,105,175,212,19,3,0,0,0,0
36,106,177,210,12,7,0,0,0,0
36,107,86,103,3,3,0,0,0,0
36,108,64,81,6,3,0,0,0,0
36,109,24,39,0,0,0,0,0,0
36,110,35,42,3,0,0,0,0,0
36,111,43,72,3,0,0,0,0,0
36,112,185,232,6,15,3,0,0,0
36,113,15,25,0,0,0,0,0,0
36,114,18,21,0,3,0,0,0,0
36,115,555,657,25,67,0,0,0,0
36,116,211,289,26,35,0,0,0,0
36,117,698,803,121,99,0,0,0,0
36,118,339,394,24,39,0,0,0,0
36,119,116,129,7,9,0,0,0,0
36,120,65,81,3,3,0,0,0,0
36,121,47,60,3,0,0,0,0,0
36,122,0,3,0,0,0,0,0,0
36,123,87,139,3,7,0,0,0,0
36,124,7,13,0,0,0,0,0,0
36,125,14,24,0,0,0,0,0,0
36,126,1039,1337,163,130,0,0,0,0
36,127,29,28,0,3,0,0,0,0
37,61,26,40,3,4,0,0,0,0
37,62,250,263,16,46,0,0,0,0
37,63,6,6,3,0,0,0,0,0
37,69,34,34,3,3,0,0,0,0
37,70,126,93,9,9,0,0,0,0
37,71,304,379,39,34,0,0,0,0
37,72,205,248,12,20,0,0,0,0
37,73,66,63,6,3,0,0,0,0
37,74,576,633,111,88,0,0,0,0
37,75,179,165,12,22,0,0,0,0
37,76,77,85,3,12,0,0,0,0
37,77,233,252,19,16,0,0,0,0
37,78,152,184,12,12,0,0,0,0
37,79,191,193,21,9,0,0,0,0
37,80,309,343,39,12,0,0,0,0
37,81,86,78,0,3,0,0,0,0
37,82,48,51,0,3,0,0,0,0
37,83,14,26,0,0,0,0,0,0
37,84,39,49,3,0,0,0,0,0
37,85,89,100,6,9,0,0,0,0
37,86,1533,1794,293,246,3,0,0,0
37,87,1642,1289,241,331,0,0,0,0
37,88,78,61,6,0,0,0,0,0
37,89,197,231,18,18,0,0,0,0
37,90,149,195,6,15,0,0,0,0
37,91,150,160,6,6,0,0,0,0
37,92,61,75,0,3,0,0,0,0
37,93,261,239,6,9,0,0,0,0
37,94,66,58,0,0,0,0,0,0
37,95,191,186,34,6,0,0,0,0
37,96,64,93,3,3,0,0,0,0
37,97,24,37,0,0,0,0,0,0
37,98,311,375,33,27,0,0,0,0
37,99,49,47,3,0,0,0,0,0
37,100,57,72,0,3,0,0,0,0
37,101,68,99,3,24,0,0,0,0
37,102,137,114,9,6,0,0,0,0
37,103,87,137,3,6,0,0,0,0
37,104,352,387,36,66,0,0,0,0
37,105,84,114,3,0,0,0,0,0
37,106,119,136,9,3,0,0,0,0
37,107,23,53,0,0,0,0,0,0
37,108,62,70,0,0,0,0,0,0
37,109,133,163,4,9,0,0,0,0
37,110,968,1140,143,133,0,0,0,0
37,111,32,42,3,0,0,0,0,0
37,112,52,69,0,0,0,0,0,0
37,113,105,141,12,9,0,0,0,0
37,114,138,206,14,16,0,0,0,0
37,115,85,124,7,12,0,0,0,0
37,116,76,109,5,8,0,0,0,0
37,117,760,1045,84,100,0,0,0,0
37,118,311,389,12,23,0,0,0,0
37,119,44,65,3,6,0,0,0,0
37,120,34,65,6,0,0,0,0,0
37,121,35,37,3,0,0,0,0,0
37,122,13,13,0,0,0,0,0,0
37,123,37,61,6,0,0,0,0,0
37,124,71,111,3,3,0,0,0,0
37,125,12,21,0,0,0,0,0,0
37,126,301,359,69,39,0,0,0,0
37,127,662,190,69,26,0,0,0,0
38,66,3,9,0,0,0,0,0,0
38,70,5,18,0,0,0,0,0,0
38,71,360,367,31,45,0,0,0,0
38,72,245,271,18,35,0,0,0,0
38,73,99,143,22,0,0,0,0,0
38,74,288,325,18,25,0,0,0,0
38,75,257,293,15,26,0,0,0,0
38,76,66,74,3,9,0,0,0,0
38,77,213,244,9,30,0,0,0,0
38,78,154,169,12,16,0,0,0,0
38,79,17,16,6,0,0,0,0,0
38,80,68,53,6,6,0,0,0,0
38,81,66,79,0,3,0,0,0,0
38,82,435,388,36,38,0,0,0,0
38,83,106,121,0,6,0,0,0,0
38,84,170,183,9,13,0,0,0,0
38,85,93,133,12,0,0,0,0,0
38,86,336,452,50,43,0,0,0,0
38,87,293,343,3,27,0,0,0,0
38,88,259,260,3,24,0,0,0,0
38,89,18,24,3,0,0,0,0,0
38,90,99,94,24,22,0,0,0,0
38,91,27,43,0,0,0,0,0,0
38,92,92,121,6,3,0,0,0,0
38,93,55,54,0,0,0,0,0,0
38,94,50,57,6,0,0,0,0,0
38,95,37,62,0,6,0,0,0,0
38,96,34,61,0,3,0,0,0,0
38,97,108,121,3,12,0,0,0,0
38,98,732,933,110,84,6,0,0,0
38,99,197,276,25,25,0,0,0,0
38,100,249,299,27,12,0,0,0,0
38,101,479,604,71,48,0,0,0,0
38,102,59,60,3,0,0,0,0,0
38,103,317,458,40,40,0,0,0,0
38,104,1006,1153,160,121,0,0,0,0
38,105,186,238,18,15,0,0,0,0
38,106,72,79,6,0,0,0,0,0
38,107,38,50,0,0,0,0,0,0
38,108,59,81,0,3,0,0,0,0
38,109,259,310,18,25,0,0,0,0
38,110,783,888,102,89,0,0,0,0
38,111,34,36,0,0,0,0,0,0
38,112,34,63,3,0,0,0,0,0
38,113,360,496,35,56,0,0,0,0
38,114,474,614,60,66,0,0,0,0
38,115,55,63,6,3,0,0,0,0
38,116,80,94,6,6,0,0,0,0
38,117,129,195,18,12,0,0,0,0
38,119,217,319,18,27,0,0,0,0
38,120,36,52,3,9,0,0,0,0
38,121,64,83,9,0,0,0,0,0
38,122,54,68,3,3,0,0,0,0
38,123,63,75,0,3,0,0,0,0
38,124,81,101,6,3,0,0,0,0
38,125,36,52,9,0,0,0,0,0
38,126,11,13,0,0,0,0,0,0
38,127,184,247,41,9,0,0,0,0
39,66,129,185,27,40,0,0,0,0
39,67,27,40,6,0,0,0,0,0
39,71,12,13,0,0,0,0,0,0
39,72,311,343,34,34,0,0,0,0
39,73,105,91,3,9,0,0,0,0
39,74,215,247,18,25,0,0,0,0
39,75,85,93,6,9,0,0,0,0
39,76,178,197,3,12,0,0,0,0
39,77,85,102,0,12,0,0,0,0
39,78,90,118,6,9,0,0,0,0
39,79,47,47,0,3,0,0,0,0
39,80,202,228,49,26,3,0,0,0
39,81,752,778,78,98,0,0,0,0
39,82,14,12,0,0,0,0,0,0
39,83,59,55,0,0,0,0,0,0
39,84,7,14,0,0,0,0,0,0
39,85,173,176,9,13,0,0,0,0
39,86,117,133,6,6,0,0,0,0
39,87,75,64,6,6,0,0,0,0
39,88,141,153,12,17,0,0,0,0
39,89,82,96,3,0,0,0,0,0
39,90,56,77,3,3,0,0,0,0
39,91,64,115,7,3,0,0,0,0
39,92,601,674,80,80,0,0,0,0
39,93,43,61,0,0,0,0,0,0
39,94,179,233,15,6,0,0,0,0
39,95,68,78,6,0,0,0,0,0
39,96,39,42,0,0,0,0,0,0
39,97,69,87,9,0,0,0,0,0
39,98,451,487,24,38,0,0,0,0
39,99,128,173,9,15,0,0,0,0
39,100,115,79,0,6,0,0,0,0
39,101,165,231,9,7,0,0,0,0
39,102,112,65,0,0,0,0,0,0
39,103,46,55,6,0,0,0,0,0
39,104,83,90,6,9,0,0,0,0
39,105,242,306,18,13,0,0,0,0
39,106,39,48,3,3,0,0,0,0
39,107,104,144,18,6,0,0,0,0
39,108,74,66,3,0,0,0,0,0
39,109,37,62,0,0,0,0,0,0
39,110,90,147,12,6,0,0,0,0
39,111,29,39,0,0,0,0,0,0
39,112,76,107,3,6,0,0,0,0
39,113,67,77,0,3,0,0,0,0
39,114,41,75,0,3,0,0,0,0
39,115,152,224,10,23,0,0,0,0
39,116,70,94,3,8,0,0,0,0
39,117,446,541,38,59,0,0,0,0
39,118,68,108,6,6,0,0,0,0
39,119,66,97,9,9,0,0,0,0
39,120,19,26,0,0,0,0,0,0
39,121,109,148,14,3,0,0,0,0
39,122,302,411,25,27,0,0,0,0
39,123,141,230,22,12,0,0,0,0
39,124,30,33,0,0,0,0,0,0
39,125,48,66,3,3,0,0,0,0
39,126,172,236,9,11,0,0,0,0
39,127,84,111,10,3,0,0,0,0
40,67,17,40,3,3,0,0,0,0
40,68,31,50,0,0,0,0,0,0
40,69,13,23,0,0,0,0,0,0
40,70,11,10,0,0,0,0,0,0
40,71,3,3,0,0,0,0,0,0
40,72,298,334,18,39,0,0,0,0
40,73,216,209,10,19,0,0,0,0
40,74,111,164,12,7,0,0,0,0
40,75,113,135,6,13,0,0,0,0
40,76,139,159,9,16,0,0,0,0
40,77,294,320,24,37,0,0,0,0
40,78,1843,2140,353,421,3,0,0,0
40,79,378,498,40,60,0,0,0,0
40,80,54,55,9,6,0,0,0,0
40,81,74,107,0,6,0,0,0,0
40,82,84,86,6,6,0,0,0,0
40,83,693,839,110,86,0,0,0,0
40,84,132,137,0,6,0,0,0,0
40,85,105,139,6,3,0,0,0,0
40,86,52,63,3,6,0,0,0,0
40,87,37,50,4,3,0,0,0,0
40,88,97,133,6,3,0,0,0,0
40,89,80,79,3,3,0,0,0,0
40,90,178,168,3,15,0,0,0,0
40,91,258,235,15,15,0,0,0,0
40,92,141,150,19,28,0,0,0,0
40,93,98,119,3,3,0,0,0,0
40,94,57,77,0,0,0,0,0,0
40,95,28,14,0,0,0,0,0,0
40,96,84,110,3,0,0,0,0,0
40,97,203,267,16,45,0,0,0,0
40,98,44,56,0,0,0,0,0,0
40,99,51,58,3,6,0,0,0,0
40,100,55,71,0,3,0,0,0,0
40,101,50,56,6,3,0,0,0,0
40,102,60,76,6,3,0,0,0,0
40,103,28,52,0,0,0,0,0,0
40,104,133,143,15,3,0,0,0,0
40,105,98,144,14,0,0,0,0,0
40,106,60,97,3,12,0,0,0,0
40,107,133,168,15,9,0,0,0,0
40,108,57,91,0,0,0,0,0,0
40,109,52,54,0,0,0,0,0,0
40,110,206,274,18,14,0,0,0,0
40,111,18,23,0,0,0,0,0,0
40,112,68,98,0,0,0,0,0,0
40,113,58,68,6,0,0,0,0,0
40,114,22,31,0,0,0,0,0,0
40,115,81,99,6,13,0,0,0,0
40,116,26,41,0,0,0,0,0,0
40,117,321,483,24,34,0,0,0,0
40,118,994,1336,134,149,0,0,0,0
40,119,112,120,3,19,0,0,0,0
40,120,234,306,15,22,0,0,0,0
40,121,95,117,7,3,0,0,0,0
40,122,45,58,0,0,0,0,0,0
40,123,53,73,3,0,0,0,0,0
40,124,7,6,0,0,0,0,0,0
40,126,9,14,0,0,0,0,0,0
40,127,28,33,10,0,0,0,0,0
41,69,18,25,0,0,0,0,0,0
41,70,280,402,34,39,0,0,0,0
41,71,1139,1531,287,220,3,0,0,3
41,72,196,272,17,20,0,0,0,0
41,73,151,226,15,12,0,0,0,0
41,74,181,238,16,19,0,0,0,0
41,75,310,406,14,35,0,0,0,0
41,76,278,303,26,63,0,0,0,0
41,77,536,513,103,108,0,0,0,0
41,78,129,139,19,12,0,0,0,0
41,79,220,230,9,29,0,0,0,0
41,80,61,70,6,6,0,0,0,0
41,81,295,336,27,32,0,0,0,0
41,82,46,63,3,3,0,0,0,0
41,83,67,92,3,0,0,0,0,0
41,84,79,68,3,0,0,0,0,0
41,85,45,55,0,0,0,0,0,0
41,86,107,111,6,3,0,0,0,0
41,87,52,75,9,0,0,0,0,0
41,88,68,61,3,17,0,0,0,0
41,89,63,96,0,0,0,0,0,0
41,90,97,116,3,3,0,0,0,0
41,91,77,96,0,3,0,0,0,0
41,92,152,200,19,9,0,0,0,0
41,93,82,64,3,0,0,0,0,0
41,94,563,375,24,33,0,0,0,0
41,95,226,340,32,33,0,0,0,0
41,96,97,96,6,12,0,0,0,0
41,97,25,59,3,0,0,0,0,0
41,98,127,153,15,6,0,0,0,0
41,99,119,167,25,3,0,0,0,0
41,100,42,57,3,0,0,0,0,0
41,101,123,125,51,25,0,0,0,0
41,102,164,187,9,6,0,0,0,0
41,103,58,82,3,3,0,0,0,0
41,104,31,42,3,3,0,0,0,0
41,105,34,46,0,0,0,0,0,0
41,106,27,64,0,0,0,0,0,0
41,107,218,275,9,16,0,0,0,0
41,108,1109,1193,225,163,0,0,0,0
41,109,1500,1854,297,277,0,0,0,0
41,110,159,226,17,9,0,0,0,0
41,111,113,136,12,6,0,0,0,0
41,112,24,41,0,0,0,0,0,0
41,113,38,62,0,0,0,0,0,0
41,114,276,403,21,15,0,0,0,0
41,115,21,19,0,6,0,0,0,0
41,116,50,60,0,3,0,0,0,0
41,117,72,89,3,9,0,0,0,0
41,118,53,86,0,3,0,0,0,0
41,119,3,3,0,0,0,0,0,0
41,120,444,498,36,43,0,0,0,0
41,121,97,136,0,9,0,0,0,0
41,122,149,213,15,9,0,0,0,0
41,123,83,126,6,7,0,0,0,0
41,124,33,42,3,0,0,0,0,0
41,125,20,28,3,0,0,0,0,0
41,126,30,68,3,3,0,0,0,0
41,127,3,3,0,0,0,0,0,0
42,71,21,38,3,0,0,0,0,0
42,72,91,100,0,3,0,0,0,0
42,73,152,147,18,7,0,0,0,0
42,74,252,281,12,20,0,0,0,0
42,75,1314,1478,277,249,6,0,0,0
42,76,1754,2295,458,493,6,0,0,0
42,77,468,595,114,79,3,0,0,0
42,78,32,49,3,3,0,0,0,0
42,79,23,29,0,3,0,0,0,0
42,80,62,70,3,6,0,0,0,0
42,81,46,52,3,3,0,0,0,0
42,82,51,92,0,3,0,0,0,0
42,83,106,132,3,0,0,0,0,0
42,84,63,79,6,8,0,0,0,0
42,85,155,167,17,16,0,0,0,0
42,86,48,44,0,0,0,0,0,0
42,87,431,447,63,57,0,0,0,0
42,88,57,91,6,3,0,0,0,0
42,89,46,57,3,0,0,0,0,0
42,90,66,91,6,0,0,0,0,0
42,91,46,50,0,0,0,0,0,0
42,92,49,100,0,6,0,0,0,0
42,93,172,207,15,22,0,0,0,0
42,94,120,128,28,18,0,0,0,0
42,95,263,337,47,35,0,0,0,0
42,96,105,145,7,8,0,0,0,0
42,97,573,736,81,76,0,0,0,0
42,98,23,31,0,0,0,0,0,0
42,99,92,126,6,12,0,0,0,0
42,100,105,125,9,0,0,0,0,0
42,101,107,122,3,7,0,0,0,0
42,102,71,82,9,7,0,0,0,0
42,103,63,83,0,3,0,0,0,0
42,104,117,166,6,0,0,0,0,0
42,105,446,666,44,74,0,0,0,0
42,106,83,91,0,0,0,0,0,0
42,107,20,40,0,0,0,0,0,0
42,108,184,268,15,25,0,0,0,0
42,109,401,396,15,61,0,0,0,0
42,110,47,60,3,0,0,0,0,0
42,111,235,302,35,22,0,0,0,0
42,112,49,87,3,3,0,0,0,0
42,113,120,182,6,9,0,0,0,0
42,114,39,61,3,0,0,0,0,0
42,115,39,38,0,0,0,0,0,0
42,116,128,168,7,9,0,0,0,0
42,117,247,244,31,26,0,0,0,0
42,118,471,574,58,24,0,0,0,0
42,119,77,109,13,6,0,0,0,0
42,120,3,3,0,0,0,0,0,0
42,121,7,19,0,0,0,0,0,0
42,122,23,36,0,0,0,0,0,0
42,123,15,36,0,3,0,0,0,0
42,124,3,18,0,0,0,0,0,0
42,125,18,20,0,0,0,0,0,0
42,126,3,3,0,0,0,0,0,0
42,127,6,6,0,0,0,0,0,0
43,67,13,52,3,6,0,0,0,0
43,68,12,20,6,0,0,0,0,0
43,72,47,64,0,9,0,0,0,0
43,73,1392,1610,271,293,0,0,0,0
43,74,400,599,84,83,0,0,0,0
43,75,46,66,0,13,0,0,0,0
43,76,24,19,0,0,0,0,0,0
43,77,178,227,21,28,0,0,0,0
43,78,159,169,9,21,3,0,0,0
43,79,553,629,110,112,0,0,0,0
43,80,382,499,59,56,0,0,0,0
43,81,12,29,0,3,0,0,0,0
43,82,348,393,25,22,0,0,0,0
43,83,72,61,6,3,0,0,0,0
43,84,126,122,6,3,0,0,0,0
43,85,48,41,0,6,0,0,0,0
43,86,57,74,0,6,0,0,0,0
43,87,117,147,6,9,0,0,0,0
43,88,113,153,9,3,0,0,0,0
43,89,40,52,6,0,0,0,0,0
43,90,54,66,3,0,0,0,0,0
43,91,96,107,0,3,0,0,0,0
43,92,55,71,3,3,0,0,0,0
43,93,92,132,7,6,0,0,0,0
43,94,494,692,116,90,0,0,0,0
43,95,4408,6049,1395,1170,6,0,3,0
43,96,952,1315,216,189,0,0,0,0
43,97,135,182,12,15,0,0,0,0
43,98,497,596,68,78,0,0,0,0
43,99,147,160,16,6,0,0,0,0
43,100,113,138,16,7,0,0,0,0
43,101,159,185,9,6,0,0,0,0
43,102,65,104,6,0,0,0,0,0
43,103,37,32,0,0,0,0,0,0
43,104,57,58,0,0,0,0,0,0
43,105,84,88,6,3,0,0,0,0
43,106,420,480,61,30,0,0,0,0
43,107,385,492,41,33,0,0,0,0
43,108,78,102,3,0,0,0,0,0
43,109,72,134,3,0,0,0,0,0
43,110,102,129,3,0,0,0,0,0
43,111,27,41,0,0,0,0,0,0
43,112,60,136,9,6,0,0,0,0
43,113,38,40,0,0,0,0,0,0
43,114,200,243,12,24,0,0,0,0
43,115,70,93,0,0,0,0,0,0
43,116,47,74,4,0,0,0,0,0
43,117,33,49,0,3,0,0,0,0
43,118,61,93,0,3,0,0,0,0
43,119,278,305,3,30,0,0,0,0
43,120,114,138,16,3,0,0,0,0
43,121,25,35,3,0,0,0,0,0
43,122,18,17,0,0,0,0,0,0
43,123,188,238,24,18,0,0,0,0
43,124,53,98,10,6,0,0,0,0
43,125,147,207,12,9,0,0,0,0
43,126,21,38,0,0,0,0,0,0
43,127,0,3,0,0,0,0,0,0
44,67,76,130,18,7,0,0,0,0
44,68,335,483,56,44,0,0,0,0
44,69,35,44,3,6,0,0,0,0
44,71,3,3,0,0,0,0,0,0
44,72,294,314,28,32,0,0,0,0
44,73,10,24,0,3,0,0,0,0
44,74,465,153,15,129,3,0,0,0
44,76,6,17,3,0,0,0,0,0
44,77,401,481,51,76,0,0,0,0
44,78,117,153,18,12,0,0,0,0
44,79,36,49,3,0,0,0,0,0
44,80,9,16,0,0,0,0,0,0
44,81,34,36,0,0,0,0,0,0
44,82,76,103,0,9,0,0,0,0
44,83,448,473,55,70,0,0,0,0
44,84,547,602,82,60,0,0,0,0
44,85,58,94,0,0,0,0,0,0
44,86,20,34,0,0,0,0,0,0
44,87,116,159,10,6,0,0,0,0
44,88,72,71,0,0,0,0,0,0
44,89,143,177,12,11,0,0,0,0
44,90,114,147,7,3,0,0,0,0
44,91,32,36,0,0,0,0,0,0
44,92,29,42,6,0,0,0,0,0
44,93,169,223,26,12,0,0,0,0
44,94,941,1223,175,146,0,0,0,0
44,95,1296,1686,219,257,0,0,0,0
44,96,19,20,0,3,0,0,0,0
44,97,180,209,25,24,0,0,0,0
44,98,1292,1496,263,244,0,0,0,0
44,99,383,505,68,32,0,0,0,0
44,100,36,50,3,0,0,0,0,0
44,101,77,94,3,0,0,0,0,0
44,102,60,70,12,0,0,0,0,0
44,103,159,188,12,3,0,0,0,0
44,104,52,69,0,0,0,0,0,0
44,105,34,33,3,3,0,0,0,0
44,106,30,68,0,0,0,0,0,0
44,107,29,42,0,3,0,0,0,0
44,108,288,358,24,13,0,0,0,0
44,109,41,68,3,0,0,0,0,0
44,110,40,46,3,0,0,0,0,0
44,111,50,52,0,0,0,0,0,0
44,112,345,418,52,35,0,0,0,0
44,113,59,69,9,0,0,0,0,0
44,114,50,75,0,0,0,0,0,0
44,115,65,78,3,6,0,0,0,0
44,116,51,70,6,0,0,0,0,0
44,117,56,85,3,0,0,0,0,0
44,118,325,415,25,32,0,0,0,0
44,119,545,809,62,78,3,0,0,0
44,120,166,235,15,13,0,0,0,0
44,121,301,473,30,12,0,0,0,0
44,122,21,19,0,0,0,0,0,0
44,123,335,345,22,42,0,0,0,0
44,124,670,767,79,61,0,0,0,0
44,125,20,12,0,0,0,0,0,0
44,126,82,156,0,0,0,0,0,0
44,127,48,75,0,0,0,0,0,0
45,68,18,24,3,0,0,0,0,0
45,69,103,133,13,11,0,0,0,0
45,70,35,18,0,3,0,0,0,0
45,71,15,23,0,0,0,0,0,0
45,72,178,187,28,26,0,0,0,0
45,73,9,18,0,3,0,0,0,0
45,74,13,11,0,0,0,0,0,0
45,76,25,7,0,3,0,0,0,0
45,77,125,137,12,13,0,0,0,0
45,78,17,23,0,3,0,0,0,0
45,79,209,217,37,44,0,0,0,0
45,80,20,34,3,0,3,0,0,0
45,81,87,80,6,9,0,0,0,0
45,82,75,127,18,0,3,0,0,0
45,83,68,65,3,0,0,0,0,0
45,84,94,102,9,6,0,0,0,0
45,85,53,70,9,0,0,0,0,0
45,86,70,92,3,0,0,0,0,0
45,87,31,41,6,0,0,0,0,0
45,88,26,28,0,0,0,0,0,0
45,89,41,44,0,3,0,0,0,0
45,90,36,53,0,0,0,0,0,0
45,91,44,83,0,0,0,0,0,0
45,92,300,382,30,24,0,0,0,0
45,93,28,52,0,3,0,0,0,0
45,94,637,679,45,86,0,0,0,0
45,95,26,32,0,6,0,0,0,0
45,97,3,4,0,0,0,0,0,0
45,98,535,578,43,73,0,0,0,0
45,99,17,23,0,6,0,0,0,0
45,100,46,31,0,0,0,0,0,0
45,101,127,172,3,3,0,0,0,0
45,102,91,111,0,6,0,0,0,0
45,103,55,66,0,3,0,0,0,0
45,104,27,39,0,6,0,0,0,0
45,105,331,329,44,29,0,0,0,0
45,106,153,193,29,20,0,0,0,0
45,107,39,54,0,3,0,0,0,0
45,108,59,59,0,0,0,0,0,0
45,109,41,52,0,0,0,0,0,0
45,110,123,123,6,0,0,0,0,0
45,111,12,23,0,0,0,0,0,0
45,112,44,68,3,0,0,0,0,0
45,113,473,635,52,43,0,0,0,0
45,114,36,61,0,3,0,0,0,0
45,115,31,46,3,0,0,0,0,0
45,116,85,124,3,12,0,0,0,0
45,117,162,229,20,23,0,0,0,0
45,118,529,678,68,73,0,0,0,0
45,119,139,185,24,16,0,0,0,0
45,120,208,293,40,37,0,0,0,0
45,121,158,224,15,13,0,0,0,0
45,122,45,67,0,0,0,0,0,0
45,123,146,194,17,3,0,0,0,0
45,124,82,122,3,9,0,0,0,0
45,125,94,126,15,3,0,0,0,0
45,126,58,66,3,3,0,0,0,0
45,127,48,81,3,0,0,0,0,0
46,65,68,104,0,6,0,0,0,0
46,66,80,138,10,6,0,0,0,0
46,67,8,24,0,0,0,0,0,0
46,68,78,92,15,3,0,0,0,0
46,69,685,909,152,135,0,0,0,0
46,70,791,1015,255,161,3,0,0,0
46,71,924,1328,190,186,3,0,0,0
46,72,314,477,51,49,0,0,0,0
46,73,37,51,0,0,0,0,0,0
46,74,15,20,0,3,0,0,0,0
46,80,167,238,16,32,3,0,0,0
46,81,90,106,3,10,0,0,0,0
46,82,409,493,42,55,0,0,0,0
46,83,32,62,3,0,0,0,0,0
46,84,217,270,12,22,0,0,0,0
46,85,170,202,3,9,0,0,0,0
46,86,228,273,35,24,0,0,0,0
46,87,32,50,3,0,0,0,0,0
46,88,47,85,3,0,0,0,0,0
46,89,214,223,25,23,0,0,0,0
46,90,46,73,3,0,0,0,0,0
46,91,112,100,6,17,0,0,0,0
46,92,35,40,0,3,0,0,0,0
46,93,58,74,0,3,0,0,0,0
46,94,48,57,6,3,0,0,0,0
46,95,86,98,9,9,0,0,0,0
46,96,65,75,9,9,0,0,0,0
46,97,518,252,69,58,0,0,0,0
46,98,681,867,51,70,0,0,0,0
46,99,3,17,0,0,0,0,0,0
46,100,88,117,12,3,0,0,0,0
46,101,43,60,0,0,0,0,0,0
46,102,34,46,0,0,0,0,0,0
46,103,98,152,6,7,0,0,0,0
46,104,251,309,21,21,0,0,0,0
46,105,65,71,3,3,0,0,0,0
46,106,24,28,3,3,0,0,0,0
46,107,50,66,3,0,0,0,0,0
46,108,94,137,6,6,0,0,0,0
46,109,39,67,3,0,0,0,0,0
46,110,80,88,6,0,0,0,0,0
46,111,3,9,0,0,0,0,0,0
46,112,24,41,0,0,0,0,0,0
46,113,73,57,9,3,0,0,0,0
46,114,29,58,3,3,0,0,0,0
46,115,28,53,0,0,0,0,0,0
46,116,9,10,0,0,0,0,0,0
46,117,96,153,23,9,0,0,0,0
46,118,864,1237,163,106,3,0,0,0
46,119,2973,3823,647,525,0,0,0,0
46,120,1055,1468,129,182,0,0,0,0
46,121,435,509,29,38,0,0,0,0
46,122,73,94,3,3,0,0,0,0
46,123,23,31,3,0,0,0,0,0
46,124,18,22,0,0,0,0,0,0
46,125,142,218,6,3,0,0,0,0
46,126,81,115,0,3,0,0,0,0
46,127,586,749,47,76,0,0,0,0
47,65,227,347,54,24,0,0,0,0
47,66,425,553,95,79,0,0,0,0
47,67,166,221,16,12,0,0,0,0
47,68,192,280,17,15,0,0,0,0
47,69,139,189,28,29,0,0,0,0
47,70,215,175,27,29,0,0,0,0
47,71,774,914,141,129,0,0,0,0
47,72,392,539,50,85,0,0,0,0
47,73,507,641,52,86,0,0,0,0
47,74,1181,1194,122,157,0,0,0,0
47,75,250,286,27,26,0,0,0,0
47,76,0,6,0,0,0,0,0,0
47,79,48,40,3,18,0,0,0,0
47,80,275,343,28,46,0,0,0,0
47,81,392,397,18,40,0,0,0,0
47,82,103,145,12,17,0,0,0,0
47,83,32,44,0,3,0,0,0,0
47,84,74,102,0,0,0,0,0,0
47,85,52,85,3,0,0,0,0,0
47,86,16,22,0,0,0,0,0,0
47,87,160,192,16,6,0,0,0,0
47,88,200,258,12,17,0,0,0,0
47,89,44,65,0,0,0,0,0,0
47,90,27,41,0,3,0,0,0,0
47,91,44,54,0,3,0,0,0,0
47,92,23,18,0,0,0,0,0,0
47,93,52,73,0,3,0,0,0,0
47,94,24,40,0,0,0,0,0,0
47,95,64,78,3,0,0,0,0,0
47,96,281,354,22,15,0,0,0,0
47,97,929,980,183,198,0,0,0,0
47,98,76,113,6,3,0,0,0,0
47,99,45,60,3,0,0,0,0,0
47,100,42,76,0,0,0,0,0,0
47,101,188,263,15,13,0,0,0,0
47,102,57,71,0,0,0,0,0,0
47,103,316,390,67,27,0,0,0,0
47,104,1377,1332,215,243,0,0,0,0
47,105,29,53,0,0,0,0,0,0
47,106,59,82,6,0,0,0,0,0
47,107,37,49,3,0,0,0,0,0
47,108,30,31,0,0,0,0,0,0
47,109,72,68,3,3,0,0,0,0
47,110,78,101,9,3,0,0,0,0
47,111,79,104,3,3,0,0,0,0
47,112,30,40,3,0,0,0,0,0
47,113,90,129,6,12,0,0,0,0
47,114,1149,1203,179,188,0,0,0,0
47,115,24,35,0,0,0,0,0,0
47,116,9,6,3,0,0,0,0,0
47,117,20,34,0,0,0,0,0,0
47,118,89,135,9,6,0,0,0,0
47,119,233,364,34,32,0,0,0,0
47,120,406,539,46,53,0,0,0,0
47,121,53,84,3,0,0,0,0,0
47,122,141,163,0,6,0,0,0,0
47,123,250,340,30,6,0,0,0,0
47,124,28,50,6,0,0,0,0,0
47,125,23,42,0,0,0,0,0,0
47,126,17,43,3,3,0,0,0,0
47,127,107,126,9,7,0,0,0,0
48,65,12,23,0,0,0,0,0,0
48,66,9,27,3,0,0,0,0,0
48,71,6,10,6,0,0,0,0,0
48,72,37,50,0,3,0,0,0,0
48,73,48,88,0,3,0,0,0,0
48,74,6,9,0,0,0,0,0,0
48,75,3,3,3,0,0,0,0,0
48,78,115,152,12,12,0,0,0,0
48,79,150,36,3,15,0,0,0,0
48,80,134,151,13,6,0,0,0,0
48,81,124,142,6,11,0,0,0,0
48,82,71,94,9,3,0,0,0,0
48,83,102,111,6,6,0,0,0,0
48,84,163,201,3,18,0,0,0,0
48,85,43,67,3,0,0,0,0,0
48,86,76,104,9,3,0,0,0,0
48,87,55,51,3,3,0,0,0,0
48,88,42,44,0,0,0,0,0,0
48,89,49,65,3,0,0,0,0,0
48,90,61,76,9,3,0,0,0,0
48,91,27,46,0,3,0,0,0,0
48,92,28,32,0,0,0,0,0,0
48,93,226,208,15,9,0,0,0,0
48,94,31,41,0,0,0,0,0,0
48,95,119,131,0,12,0,0,0,0
48,96,184,313,26,17,0,0,0,0
48,97,2178,2275,497,613,0,0,0,0
48,98,2512,3036,310,513,0,0,0,0
48,99,159,229,27,19,0,0,0,0
48,100,51,96,0,0,0,0,0,0
48,101,57,78,0,0,0,0,0,0
48,102,93,109,3,9,0,0,0,0
48,103,42,52,3,0,0,0,0,0
48,104,38,39,0,0,0,0,0,0
48,105,86,109,3,0,0,0,0,0
48,106,36,46,0,3,0,0,0,0
48,107,43,59,0,3,0,0,0,0
48,108,101,104,3,6,0,0,0,0
48,109,24,33,0,3,0,0,0,0
48,110,64,50,0,3,0,0,0,0
48,111,43,52,0,0,0,0,0,0
48,112,17,27,0,0,0,0,0,0
48,113,36,63,0,0,0,0,0,0
48,114,655,927,64,55,0,0,0,0
48,115,434,623,59,38,0,0,0,0
48,116,12,22,0,0,0,0,0,0
48,117,41,72,6,3,0,0,0,0
48,118,18,34,0,6,0,0,0,0
48,119,114,161,0,6,0,0,0,0
48,120,31,86,0,3,0,0,0,0
48,121,3,6,0,0,0,0,0,0
48,122,52,57,0,0,0,0,0,0
48,123,17,32,0,0,0,0,0,0
48,124,6,12,0,0,0,0,0,0
48,125,124,172,13,9,0,0,0,0
48,126,33,59,9,0,0,0,0,0
48,127,21,25,3,0,0,0,0,0
49,64,0,3,0,0,0,0,0,0
49,65,8,10,3,3,0,0,0,0
49,72,18,23,0,7,0,0,0,0
49,73,9,9,0,0,0,0,0,0
49,74,306,334,41,63,0,0,0,0
49,75,573,661,139,119,0,0,0,0
49,76,58,87,6,9,0,0,0,0
49,77,48,62,0,4,0,0,0,0
49,78,817,1074,147,205,0,0,0,0
49,79,206,242,10,32,0,0,0,0
49,80,152,199,10,28,0,0,0,0
49,81,80,122,6,3,0,0,0,0
49,82,87,129,3,0,0,0,0,0
49,83,1075,1385,150,133,0,0,0,0
49,84,438,512,90,58,0,0,0,0
49,85,1637,1974,415,350,3,0,0,0
49,86,152,221,3,9,0,0,0,0
49,87,87,134,0,12,0,0,0,0
49,88,53,62,9,3,0,0,0,0
49,89,57,82,0,3,0,0,0,0
49,90,780,816,43,69,0,0,0,9
49,91,57,60,0,0,0,0,0,0
49,92,59,62,0,0,0,0,0,0
49,93,57,57,0,0,0,0,0,0
49,94,26,45,9,3,0,0,0,0
49,95,101,96,7,9,0,0,0,0
49,96,360,548,45,39,0,0,0,0
49,97,360,538,39,43,0,0,0,0
49,98,356,503,35,49,0,0,0,0
49,99,73,101,4,0,0,0,0,0
49,100,150,155,31,20,0,0,0,0
49,101,121,168,9,3,0,0,0,0
49,102,165,171,9,19,0,0,0,0
49,103,57,72,6,0,0,0,0,0
49,104,24,47,0,0,0,0,0,0
49,105,71,97,3,3,0,0,0,0
49,106,20,22,0,0,0,0,0,0
49,107,83,112,3,3,0,0,0,0
49,108,1268,1502,210,208,0,0,0,0
49,109,66,95,3,0,0,0,0,0
49,110,14,32,0,0,0,0,0,0
49,111,86,103,9,3,0,0,0,0
49,112,33,51,0,0,0,0,0,0
49,113,26,68,0,0,0,0,0,0
49,114,16,15,3,3,0,0,0,0
49,115,83,129,6,12,0,0,0,0
49,116,320,433,43,37,0,0,0,0
49,117,403,546,30,31,0,0,0,0
49,118,33,44,6,3,0,0,0,0
49,119,66,79,6,0,0,0,0,0
49,120,50,69,3,3,0,0,0,0
49,121,75,101,0,10,0,0,0,0
49,122,31,54,0,0,0,0,0,0
49,123,25,48,0,0,0,0,0,0
49,124,18,30,0,0,0,0,0,0
49,125,19,24,0,0,0,0,0,0
49,126,105,154,9,9,0,0,0,0
49,127,18,44,0,0,0,0,0,0
50,72,12,17,3,3,0,0,0,0
50,73,23,35,3,0,0,0,0,0
50,74,105,176,12,18,0,0,0,0
50,75,82,90,3,3,0,0,0,0
50,76,199,189,16,24,0,0,0,0
50,77,44,48,0,0,0,0,0,0
50,78,87,96,12,3,0,0,0,0
50,79,290,357,13,44,0,0,0,0
50,80,22,30,0,8,0,0,0,0
50,81,104,208,23,15,0,0,0,0
50,82,790,1150,127,107,0,0,0,0
50,83,213,303,20,22,0,0,0,0
50,84,72,111,9,4,0,0,0,0
50,85,1120,1339,226,244,3,0,0,0
50,86,712,1058,113,68,0,0,0,0
50,87,461,604,76,55,3,0,0,0
50,88,813,1115,131,104,3,0,0,0
50,89,76,104,0,6,0,0,0,0
50,90,125,150,6,6,0,0,0,0
50,91,1594,2042,419,360,0,0,0,0
50,92,28,42,3,3,0,0,0,0
50,93,73,92,0,3,0,0,0,0
50,94,48,133,0,3,0,0,0,0
50,95,365,481,71,42,0,0,0,0
50,96,93,124,15,9,0,0,0,0
50,97,51,80,6,0,0,0,0,0
50,98,2064,2850,520,442,3,0,0,0
50,99,721,949,188,137,0,0,0,0
50,100,35,55,6,0,0,0,0,0
50,101,258,338,15,15,0,0,0,0
50,102,40,67,3,0,0,0,0,0
50,103,63,67,6,7,0,0,0,0
50,104,44,75,0,0,0,0,0,0
50,105,54,82,4,0,0,0,0,0
50,106,218,303,36,26,0,0,0,0
50,107,47,63,0,0,0,0,0,0
50,108,30,34,0,3,0,0,0,0
50,109,22,42,3,0,0,0,0,0
50,110,27,44,0,0,0,0,0,0
50,111,28,48,0,0,0,0,0,0
50,112,125,176,6,3,0,0,0,0
50,113,63,85,9,3,0,0,0,0
50,114,10,17,0,3,0,0,0,0
50,115,23,41,0,0,0,0,0,0
50,116,139,197,15,12,0,0,0,0
50,117,64,80,0,9,0,0,0,0
50,118,11,11,0,0,0,0,0,0
50,119,22,20,0,3,0,0,0,0
50,120,607,767,67,81,0,0,0,0
50,121,104,155,12,0,0,0,0,0
50,122,112,204,22,16,0,0,0,0
50,123,332,448,46,42,0,0,0,0
50,124,9,20,0,0,0,0,0,0
50,125,30,47,0,0,0,0,0,0
50,126,16,29,0,0,0,0,0,0
50,127,12,14,0,0,0,0,0,0
51,65,7,4,0,3,0,0,0,0
51,69,19,32,3,0,0,0,0,0
51,71,3,6,0,0,0,0,0,0
51,72,62,48,7,19,0,0,0,0
51,73,1179,1632,287,238,3,0,0,0
51,74,365,462,42,56,0,0,0,0
51,75,219,279,15,25,0,0,0,0
51,76,101,117,0,3,0,0,0,0
51,77,338,477,22,52,0,0,0,0
51,78,165,230,21,19,0,0,0,0
51,79,246,280,27,37,0,0,0,0
51,80,474,639,73,46,0,0,0,0
51,81,1273,1788,294,275,0,0,0,0
51,82,3735,4618,945,838,0,0,0,0
51,83,25,32,0,9,0,0,0,0
51,84,36,54,0,0,0,0,0,0
51,85,49,76,3,3,0,0,0,0
51,86,126,136,9,12,0,0,0,0
51,87,50,69,3,0,0,0,0,0
51,88,296,355,46,22,0,0,0,0
51,89,48,74,0,9,0,0,0,0
51,90,37,78,6,0,0,0,0,0
51,91,611,682,84,95,0,0,0,0
51,92,775,1066,174,111,0,0,0,0
51,93,548,693,60,74,0,0,0,0
51,94,35,72,0,0,0,0,0,0
51,95,152,197,20,21,0,0,0,0
51,96,1067,1173,166,161,0,0,0,0
51,97,271,353,32,43,0,0,0,0
51,98,214,291,30,39,0,0,0,0
51,99,116,195,9,17,0,0,0,0
51,100,74,112,3,7,0,0,0,0
51,101,64,71,0,3,0,0,0,0
51,102,66,72,3,4,0,0,0,0
51,103,70,97,3,0,0,0,0,0
51,104,28,38,0,3,0,0,0,0
51,105,107,178,3,6,0,0,0,0
51,106,874,1038,116,106,0,0,0,0
51,107,61,74,3,9,0,0,0,0
51,108,21,30,0,0,0,0,0,0
51,109,22,18,0,0,0,0,0,0
51,110,84,119,9,6,0,0,0,0
51,111,51,64,0,0,0,0,0,0
51,112,23,33,3,0,0,0,0,0
51,113,77,127,6,0,0,0,0,0
51,114,131,197,0,9,0,0,0,0
51,115,843,1071,106,116,0,0,0,0
51,116,428,504,79,71,0,0,0,0
51,117,36,51,3,3,0,0,0,0
51,118,30,42,0,0,0,0,0,0
51,119,126,188,3,12,0,0,0,0
51,120,31,36,6,6,0,0,0,0
51,121,64,96,3,0,0,0,0,0
51,122,50,77,3,3,0,0,0,0
51,123,386,549,51,58,0,0,0,0
51,124,80,103,6,3,0,0,0,0
51,125,15,30,0,0,0,0,0,0
51,126,166,247,18,6,0,0,0,0
51,127,24,51,0,3,0,0,0,0
52,68,3,7,0,3,0,0,0,0
52,69,48,57,6,6,0,0,0,0
52,70,27,57,0,0,0,0,0,0
52,71,3,6,0,0,0,0,0,0
52,72,13,3,0,3,0,0,0,0
52,73,156,133,12,9,0,0,0,0
52,74,54,118,6,11,0,0,0,0
52,75,471,581,47,47,0,0,0,0
52,76,1201,1525,149,247,3,0,0,0
52,77,1259,1521,199,209,0,0,0,0
52,78,53,90,0,9,0,0,0,0
52,79,337,359,23,46,0,0,0,0
52,80,46,77,3,6,0,0,0,0
52,81,97,102,6,6,0,0,0,0
52,82,213,169,15,19,0,0,0,0
52,83,88,94,3,3,0,0,0,0
52,84,319,370,59,40,0,0,0,0
52,85,32,41,0,0,0,0,0,0
52,86,51,61,0,0,0,0,0,0
52,87,104,153,3,0,0,0,0,0
52,88,129,159,9,19,0,0,0,0
52,89,114,178,18,3,0,0,0,0
52,90,41,59,0,3,0,0,0,0
52,91,66,84,0,0,0,0,0,0
52,92,142,175,29,19,0,0,0,0
52,93,314,327,29,29,0,0,0,0
52,94,112,134,15,6,0,0,0,0
52,95,36,77,0,0,0,0,0,0
52,96,9,9,0,3,0,0,0,0
52,97,84,99,0,0,0,0,0,0
52,98,98,124,15,9,0,0,0,0
52,99,592,780,145,114,0,0,0,0
52,100,16,51,0,0,0,0,0,0
52,101,63,96,0,3,0,0,0,0
52,102,75,84,6,6,0,0,0,0
52,103,63,86,3,3,0,0,0,0
52,104,38,66,6,0,0,0,0,0
52,105,182,234,18,9,0,0,0,0
52,106,159,204,16,20,0,0,0,0
52,107,37,56,0,3,0,0,0,0
52,108,65,85,0,0,0,0,0,0
52,109,50,56,0,3,0,0,0,0
52,110,53,88,9,0,0,0,0,0
52,111,9,26,0,0,0,0,0,0
52,112,107,169,0,0,0,0,0,0
52,113,27,39,6,0,0,0,0,0
52,114,85,115,0,12,0,0,0,0
52,115,55,65,0,3,0,0,0,0
52,116,105,134,8,6,0,0,0,0
52,117,152,202,16,6,0,0,0,0
52,118,24,22,0,0,0,0,0,0
52,119,55,97,3,0,0,0,0,0
52,120,116,155,9,0,0,0,0,0
52,121,102,179,18,3,0,0,0,0
52,122,321,492,45,41,0,0,0,0
52,123,578,690,149,57,0,0,0,0
52,124,27,48,3,0,0,0,0,0
52,125,80,108,0,6,0,0,0,0
52,126,65,59,6,3,0,0,0,0
52,127,105,63,16,9,0,0,0,0
53,69,6,16,0,0,0,0,0,0
53,70,450,658,78,76,0,0,0,0
53,71,1175,1404,289,241,0,0,0,0
53,72,368,401,40,37,0,0,0,0
53,73,340,417,45,58,0,0,0,0
53,74,1357,1693,268,259,0,0,0,0
53,75,140,191,23,18,0,0,0,0
53,76,1301,1368,321,285,0,0,0,0
53,77,3056,2750,634,721,3,0,0,0
53,78,22,25,6,0,0,0,0,0
53,79,338,386,20,21,0,0,0,0
53,80,168,257,12,9,0,0,0,0
53,81,42,47,3,0,0,0,0,0
53,82,25,51,0,0,0,0,0,0
53,83,153,164,3,6,0,0,0,0
53,84,315,352,25,33,0,0,0,0
53,85,65,91,3,0,0,0,0,0
53,86,193,223,23,11,0,0,0,0
53,87,151,207,10,16,0,0,0,0
53,88,162,199,13,20,0,0,0,0
53,89,431,517,46,33,0,0,0,0
53,90,34,54,0,0,0,0,0,0
53,91,122,132,3,9,0,0,0,0
53,92,546,652,66,82,0,0,0,0
53,93,41,70,0,0,0,0,0,0
53,94,50,74,0,0,0,0,0,0
53,95,59,87,0,0,0,0,0,0
53,96,2028,2205,357,455,0,0,0,0
53,97,1160,1205,348,249,0,0,0,0
53,98,418,575,42,70,0,0,0,0
53,99,244,303,33,31,0,0,0,0
53,100,47,82,3,0,0,0,0,0
53,101,98,116,6,0,0,0,0,0
53,102,88,124,0,3,0,0,0,0
53,103,233,255,6,6,0,0,0,0
53,104,69,79,0,0,0,0,0,0
53,105,173,224,15,12,0,0,0,0
53,106,161,211,6,6,0,0,0,0
53,107,61,72,6,0,0,0,0,0
53,108,63,80,3,6,0,0,0,0
53,109,15,23,0,0,0,0,0,0
53,110,112,163,12,0,0,0,0,0
53,111,106,139,3,3,0,0,0,0
53,112,28,35,3,0,0,0,0,0
53,113,59,77,3,0,0,0,0,0
53,114,131,202,15,9,0,0,0,0
53,115,61,84,6,0,3,0,0,0
53,116,16,13,3,0,0,0,0,0
53,117,127,175,18,9,0,0,0,0
53,118,47,96,6,3,0,0,0,0
53,119,45,56,0,0,0,0,0,0
53,120,175,224,15,24,0,0,0,0
53,121,1451,2080,408,283,0,0,0,0
53,122,1020,1440,164,142,0,0,0,0
53,123,75,120,6,16,0,0,0,0
53,124,121,161,9,3,0,0,0,0
53,125,151,195,12,9,0,0,0,0
53,126,0,3,0,0,0,0,0,0
53,127,24,37,0,0,0,0,0,0
54,69,69,65,6,12,0,0,0,0
54,70,362,603,53,56,0,0,0,0
54,71,82,137,18,18,0,0,0,0
54,72,5,3,0,0,0,0,0,0
54,73,20,25,0,0,0,0,0,0
54,74,266,345,31,38,0,0,0,0
54,75,21,28,0,0,0,0,0,0
54,76,41,80,6,3,0,0,0,0
54,77,452,570,28,42,0,0,0,0
54,78,23,25,3,0,0,0,0,0
54,79,33,40,3,0,0,0,0,0
54,80,48,51,0,0,0,0,0,0
54,81,109,116,6,3,0,0,0,0
54,82,61,72,3,6,0,0,0,0
54,83,64,90,0,0,0,0,0,0
54,84,44,56,6,3,0,0,0,0
54,85,23,36,0,0,0,0,0,0
54,86,12,16,0,0,0,0,0,0
54,87,62,62,3,0,0,0,0,0
54,88,42,47,0,0,0,0,0,0
54,89,26,47,0,9,0,0,0,0
54,90,47,56,0,6,0,0,0,0
54,91,152,196,4,3,0,0,0,0
54,92,75,95,12,3,0,0,0,0
54,93,85,108,12,6,0,0,0,0
54,94,61,73,0,6,0,0,0,0
54,95,693,836,75,110,3,0,0,0
54,96,1238,1070,205,210,0,0,0,0
54,97,2693,2859,496,539,0,0,0,0
54,98,989,1287,211,162,0,0,0,0
54,99,115,194,12,12,0,0,0,0
54,100,30,54,0,3,0,0,0,0
54,101,50,71,0,0,0,0,0,0
54,102,43,49,6,0,0,0,0,0
54,103,47,69,9,3,0,0,0,0
54,104,12,10,0,0,0,0,0,0
54,105,74,122,3,3,0,0,0,0
54,106,199,315,15,36,0,0,0,0
54,107,30,43,0,0,0,0,0,0
54,108,280,388,28,20,0,0,0,0
54,109,38,49,0,0,0,0,0,0
54,110,49,65,6,0,0,0,0,0
54,111,205,255,35,12,0,0,0,0
54,112,34,39,3,6,0,0,0,0
54,113,41,41,3,0,0,0,0,0
54,114,6,25,0,0,0,0,0,0
54,115,61,90,3,3,0,0,0,0
54,116,27,35,0,0,0,0,0,0
54,117,52,66,0,3,0,0,0,0
54,118,192,308,45,18,0,0,0,0
54,119,34,42,3,0,0,0,0,0
54,120,199,327,24,9,0,0,0,0
54,121,693,869,57,88,0,0,0,0
54,122,49,62,0,6,0,0,0,0
54,123,25,34,0,0,0,0,0,0
54,125,410,501,43,33,0,0,0,0
54,126,16,37,0,3,0,0,0,0
54,127,8,20,0,0,0,0,0,0
55,70,28,34,0,3,0,0,0,0
55,71,6,0,0,0,0,0,0,0
55,73,189,272,28,30,0,0,0,0
55,74,150,233,9,12,0,0,0,0
55,75,50,63,0,9,0,0,0,0
55,76,167,221,20,16,0,0,0,0
55,77,257,323,21,12,0,0,0,0
55,78,177,243,17,6,0,0,0,0
55,79,138,187,3,0,0,0,0,0
55,80,171,210,6,18,0,0,0,0
55,81,133,117,3,18,0,0,0,0
55,82,49,53,3,3,0,0,0,0
55,83,50,69,0,3,0,0,0,0
55,84,37,46,0,0,0,0,0,0
55,85,15,21,0,0,0,0,0,0
55,86,42,70,0,0,0,0,0,0
55,87,55,60,3,3,0,0,0,0
55,88,3,18,0,0,0,0,0,0
55,89,118,137,15,0,0,0,0,0
55,90,37,39,6,6,0,0,0,0
55,91,30,34,3,0,0,0,0,0
55,92,34,83,3,0,0,0,0,0
55,93,883,1158,173,155,6,0,0,0
55,94,393,602,92,51,0,0,0,0
55,95,149,152,0,21,0,0,0,0
55,97,47,83,5,14,0,0,0,0
55,98,40,78,0,0,0,0,0,0
55,99,100,106,6,3,0,0,0,0
55,100,651,828,54,72,0,0,0,0
55,101,39,58,0,4,0,0,0,0
55,102,139,183,3,3,0,0,0,0
55,103,476,585,39,27,0,0,0,0
55,104,139,143,0,3,0,0,0,0
55,105,24,57,6,0,0,0,0,0
55,106,350,489,55,41,0,0,0,0
55,107,326,439,31,34,0,0,0,0
55,108,99,162,9,7,0,0,0,0
55,109,128,186,15,6,0,0,0,0
55,110,248,361,25,9,0,0,0,0
55,111,79,101,0,9,0,0,0,0
55,112,81,131,12,3,0,0,0,0
55,113,74,99,6,3,0,0,0,0
55,114,369,440,33,28,0,0,0,0
55,115,551,686,69,69,0,0,0,0
55,116,237,328,31,29,0,0,0,0
55,117,24,37,0,0,0,0,0,0
55,118,3,14,0,0,0,0,0,0
55,119,136,191,24,6,0,0,0,0
55,120,47,63,6,6,0,0,0,0
55,121,22,49,0,0,0,0,0,0
55,122,37,41,7,17,0,0,0,0
55,123,57,101,3,0,0,0,0,0
55,124,132,177,6,16,0,0,0,0
55,125,1439,1828,271,223,3,0,0,0
55,127,103,150,6,3,0,0,0,0
56,70,70,94,3,3,0,0,0,0
56,71,67,102,0,6,4,0,0,0
56,72,177,257,18,16,0,0,0,0
56,73,48,59,6,6,0,0,0,0
56,74,68,105,3,0,0,0,0,0
56,75,76,90,3,6,0,0,0,0
56,76,86,96,7,3,0,0,0,0
56,77,185,273,12,12,0,0,0,0
56,78,55,82,0,0,0,0,0,0
56,79,229,235,12,18,0,0,0,0
56,80,1041,1132,213,193,3,0,0,0
56,81,421,494,29,62,0,0,0,0
56,82,277,309,34,26,0,0,0,0
56,83,97,126,12,3,0,0,0,0
56,84,259,284,21,14,0,0,0,0
56,85,189,253,18,6,0,0,0,0
56,86,98,127,12,3,0,0,0,0
56,87,217,270,22,15,0,0,0,0
56,88,68,90,3,3,0,0,0,0
56,89,69,93,6,0,0,0,0,0
56,90,70,101,3,9,0,0,0,0
56,91,38,52,0,6,0,0,0,0
56,92,41,65,0,6,0,0,0,0
56,93,1544,1931,318,309,0,0,0,0
56,94,56,96,0,11,0,0,0,0
56,97,97,141,6,9,0,0,0,0
56,98,114,192,15,12,0,0,0,0
56,99,51,73,0,0,0,0,0,0
56,100,56,80,3,0,0,0,0,0
56,101,51,74,0,0,0,0,0,0
56,102,63,70,3,3,0,0,0,0
56,103,71,122,6,0,0,0,0,0
56,104,260,342,23,18,0,0,0,0
56,105,85,157,6,0,0,0,0,0
56,106,1271,1119,338,262,6,0,0,0
56,107,1629,1866,271,340,3,0,0,0
56,108,84,125,0,6,0,0,0,0
56,109,35,44,0,0,0,0,0,0
56,110,36,57,3,0,0,0,0,0
56,111,99,126,9,3,0,0,0,0
56,112,29,45,3,0,0,0,0,0
56,113,42,47,3,0,0,0,0,0
56,114,85,109,9,3,0,0,0,0
56,115,27,52,0,0,0,0,0,0
56,116,47,52,0,0,0,0,0,0
56,117,21,33,0,0,0,0,0,0
56,118,241,317,32,27,0,0,0,0
56,119,88,127,10,0,0,0,0,0
56,120,6,14,0,0,0,0,0,0
56,121,71,107,9,0,0,0,0,0
56,122,138,235,22,18,0,0,0,0
56,123,49,75,9,3,0,0,0,0
56,124,21,21,0,0,0,0,0,0
56,125,79,69,18,0,0,0,0,0
56,126,10,27,3,0,0,0,0,0
56,127,15,31,0,0,0,0,0,0
57,66,3,3,0,0,0,0,0,0
57,69,21,33,3,0,0,0,0,0
57,70,93,134,15,3,0,0,0,0
57,71,898,1265,220,147,0,0,0,0
57,72,169,224,9,12,0,0,0,0
57,74,34,42,6,3,0,0,0,0
57,75,276,321,30,18,0,0,0,0
57,76,66,100,3,0,0,0,0,0
57,77,91,110,3,3,0,0,0,0
57,78,19,30,0,3,0,0,0,0
57,79,170,198,9,6,0,0,0,0
57,80,218,270,26,20,0,0,0,0
57,81,47,51,6,7,0,0,0,0
57,82,212,265,12,28,0,0,0,0
57,83,66,60,0,0,0,0,0,0
57,84,147,163,9,7,0,0,0,0
57,85,68,93,3,3,0,0,0,0
57,86,46,57,6,0,0,0,0,0
57,87,763,806,85,107,0,0,0,0
57,88,231,185,53,61,0,0,0,0
57,91,98,123,6,11,0,0,0,0
57,92,84,133,6,6,0,0,0,0
57,93,55,69,0,0,0,0,0,0
57,94,121,206,4,6,0,0,0,0
57,95,1473,2016,201,231,6,0,0,0
57,96,25,41,6,0,0,0,0,0
57,98,57,103,12,0,0,0,0,0
57,99,388,500,32,36,0,0,0,0
57,100,38,74,0,6,0,0,0,0
57,101,182,212,6,9,0,0,0,0
57,102,50,64,3,0,0,0,0,0
57,103,327,460,26,25,0,0,0,0
57,104,367,396,42,45,0,0,0,0
57,105,44,69,0,0,0,0,0,0
57,106,405,499,65,57,3,0,0,0
57,107,786,1002,110,86,0,0,0,0
57,108,34,79,3,3,0,0,0,0
57,109,67,92,3,3,0,0,0,0
57,110,43,48,0,0,0,0,0,0
57,111,61,83,3,3,0,0,0,0
57,112,47,49,0,3,0,0,0,0
57,113,108,111,3,6,0,0,0,0
57,114,102,140,9,0,0,0,0,0
57,115,76,107,3,6,0,0,0,0
57,116,44,48,0,3,0,0,0,0
57,117,24,49,0,0,0,0,0,0
57,118,26,30,6,0,0,0,0,0
57,119,122,178,15,6,0,0,0,0
57,120,45,53,6,0,0,0,0,0
57,121,92,120,0,3,0,0,0,0
57,122,50,101,0,0,0,0,0,0
57,123,98,147,27,9,0,0,0,0
57,124,10,40,0,0,0,0,0,0
57,125,6,18,0,0,0,0,0,0
57,126,426,557,57,31,0,0,0,0
57,127,109,146,17,18,0,0,0,0
58,65,3,3,0,0,0,0,0,0
58,66,53,62,6,0,0,0,0,0
58,68,111,141,12,21,0,0,0,0
58,69,166,191,13,3,0,0,0,0
58,71,223,310,31,33,0,0,0,0
58,74,46,47,0,0,0,0,0,0
58,75,159,200,6,12,0,0,0,0
58,76,468,523,42,28,3,0,0,0
58,77,225,297,22,15,0,0,0,0
58,78,51,91,0,6,0,0,0,0
58,79,89,117,0,0,0,0,0,0
58,80,18,29,0,0,0,0,0,0
58,81,60,84,3,3,0,0,0,0
58,82,50,56,3,0,0,0,0,0
58,83,119,142,3,6,0,0,0,0
58,84,72,99,3,0,0,0,0,0
58,85,185,245,9,3,0,0,0,0
58,86,184,259,13,16,0,0,0,0
58,87,52,88,3,0,0,0,0,0
58,91,25,31,0,6,0,0,0,0
58,92,276,397,40,15,0,0,0,0
58,93,83,172,3,14,0,0,0,0
58,94,112,166,9,3,0,0,0,0
58,95,520,710,39,43,0,0,0,0
58,97,3,7,0,0,0,0,0,0
58,98,40,60,0,0,0,0,0,0
58,99,23,41,3,0,0,0,0,0
58,100,43,62,0,0,0,0,0,0
58,101,44,78,6,0,0,0,0,0
58,102,27,69,0,0,0,0,0,0
58,103,60,84,0,0,0,0,0,0
58,104,46,63,3,3,0,0,0,0
58,105,47,64,3,0,0,0,0,0
58,106,61,102,0,6,0,0,0,0
58,107,313,374,36,38,0,0,0,0
58,108,91,128,0,0,0,0,0,0
58,109,43,56,0,0,0,0,0,0
58,110,60,92,3,0,0,0,0,0
58,111,88,108,12,3,0,0,0,0
58,112,50,40,3,0,0,0,0,0
58,113,27,34,3,0,0,0,0,0
58,114,30,52,0,0,0,0,0,0
58,115,1147,1283,323,187,0,0,0,0
58,116,405,439,19,37,0,0,0,0
58,117,21,21,3,0,0,0,0,0
58,118,48,68,4,0,0,0,0,0
58,119,129,225,21,6,0,0,0,0
58,120,33,64,0,0,0,0,0,0
58,121,96,136,3,0,0,0,0,0
58,122,59,86,6,0,0,0,0,0
58,123,252,335,21,10,0,0,0,0
58,124,23,39,6,0,0,0,0,0
58,125,81,142,6,6,0,0,0,0
58,126,54,60,7,9,0,0,0,0
58,127,32,52,3,0,0,0,0,0
59,66,8,7,0,0,0,0,0,0
59,67,38,38,0,0,0,0,0,0
59,69,17,35,0,0,0,0,0,0
59,72,3,3,0,0,0,0,0,0
59,74,26,18,3,3,0,0,0,0
59,75,139,173,9,0,0,0,0,0
59,76,612,667,75,73,0,0,0,0
59,77,127,150,3,0,0,0,0,0
59,78,98,111,6,3,0,0,0,0
59,79,446,496,39,9,0,0,0,0
59,80,62,85,3,0,0,0,0,0
59,81,271,351,12,12,0,0,0,0
59,82,120,157,6,0,0,0,0,0
59,83,165,190,6,15,0,0,0,0
59,84,628,707,61,63,0,0,0,0
59,85,57,82,3,0,0,0,0,0
59,86,18,16,0,0,0,0,0,0
59,93,3450,4123,792,877,3,0,0,0
59,94,1650,2104,316,381,0,0,0,0
59,96,0,3,0,0,0,0,0,0
59,97,38,42,0,0,0,0,0,0
59,98,152,206,21,25,0,0,0,0
59,99,41,64,0,0,0,0,0,0
59,100,57,75,0,0,0,0,0,0
59,101,253,353,12,15,0,0,0,0
59,102,41,55,6,3,0,0,0,0
59,103,59,88,0,0,0,0,0,0
59,104,170,190,18,14,0,0,0,0
59,105,32,44,0,6,0,0,0,0
59,106,65,103,0,3,0,0,0,0
59,107,449,544,53,67,0,0,0,0
59,108,94,163,10,3,0,0,0,0
59,109,130,150,6,3,0,0,0,0
59,110,37,55,0,0,0,0,0,0
59,111,425,531,46,30,0,0,0,0
59,112,44,64,0,0,0,0,0,0
59,113,28,46,0,0,0,0,0,0
59,114,17,47,3,0,0,0,0,0
59,115,30,66,0,0,0,0,0,0
59,116,49,70,3,0,0,0,0,0
59,117,37,42,0,0,0,0,0,0
59,118,31,34,0,0,0,0,0,0
59,119,804,919,175,110,3,0,0,0
59,120,45,95,9,3,0,0,0,0
59,121,44,70,0,0,0,0,0,0
59,122,47,100,3,3,0,0,0,0
59,123,6,10,0,0,0,0,0,0
59,124,135,150,11,9,0,0,0,0
59,125,64,103,6,0,0,0,0,0
59,126,10,22,3,0,0,0,0,0
59,127,1166,1438,321,237,0,0,0,0
60,66,103,146,24,20,0,0,0,0
60,67,3,3,3,0,0,0,0,0
60,68,3,0,0,0,0,0,0,0
60,69,21,25,3,0,0,0,0,0
60,73,65,98,0,3,0,0,0,0
60,74,60,104,6,3,3,0,0,0
60,75,94,131,0,0,0,0,0,0
60,76,736,755,133,100,0,0,0,0
60,77,97,97,9,0,0,0,0,0
60,78,97,125,9,6,0,0,0,0
60,79,62,83,0,6,0,0,0,0
60,80,99,125,9,9,0,0,0,0
60,81,135,222,24,6,0,0,0,0
60,82,632,752,64,51,0,0,0,0
60,83,33,29,3,3,0,0,0,0
60,84,334,442,39,31,0,0,0,0
60,85,20,16,3,0,0,0,0,0
60,93,45,58,11,7,0,0,0,0
60,94,948,1113,163,191,0,0,0,0
60,95,64,84,6,0,0,0,0,0
60,96,50,79,9,3,0,0,0,0
60,97,100,132,0,3,0,0,0,0
60,98,613,809,98,86,0,0,0,0
60,99,141,239,9,3,0,0,0,0
60,100,119,175,15,6,0,0,0,0
60,101,94,143,3,7,0,0,0,0
60,102,55,73,3,3,0,0,0,0
60,103,23,50,0,0,0,0,0,0
60,104,81,104,0,0,0,0,0,0
60,105,63,105,0,0,0,0,0,0
60,106,44,49,0,0,0,0,0,0
60,107,57,83,3,0,0,0,0,0
60,108,47,88,3,3,0,0,0,0
60,109,61,103,0,0,0,0,0,0
60,110,28,40,0,0,0,0,0,0
60,111,26,38,0,3,0,0,0,0
60,112,66,87,3,3,0,0,0,0
60,113,35,57,0,3,0,0,0,0
60,114,48,81,0,0,0,0,0,0
60,115,44,66,0,0,0,0,0,0
60,116,224,256,15,12,0,0,0,0
60,117,80,93,6,0,0,0,0,0
60,118,77,117,9,0,0,0,0,0
60,119,106,175,3,9,0,0,0,0
60,120,37,71,6,3,0,0,0,0
60,121,104,128,6,3,0,0,0,0
60,122,250,346,18,20,0,0,0,0
60,123,95,121,12,3,0,0,0,0
60,124,5,20,0,0,0,0,0,0
60,125,297,401,30,22,0,0,0,0
60,126,23,37,3,0,0,0,0,0
60,127,853,899,133,193,0,0,0,0
61,62,30,50,0,3,0,0,0,0
61,64,8,9,0,0,0,0,0,0
61,67,13,21,0,0,0,0,0,0
61,68,3,6,0,6,0,0,0,0
61,69,784,1007,117,105,4,0,0,0
61,70,9,10,0,0,0,0,0,0
61,72,136,156,13,10,3,0,0,0
61,73,573,655,70,46,0,0,0,0
61,74,141,183,6,3,0,0,0,0
61,75,93,101,0,0,0,0,0,0
61,76,201,240,14,11,0,0,0,0
61,77,170,159,6,3,0,0,0,0
61,78,118,127,12,6,0,0,0,0
61,79,59,66,0,0,0,0,0,0
61,80,12,11,0,0,0,0,0,0
61,81,22,41,0,0,0,0,0,0
61,82,62,108,9,0,0,0,0,0
61,83,39,53,3,3,0,0,0,0
61,96,324,445,94,50,0,0,0,0
61,97,182,238,7,6,0,0,0,0
61,98,337,478,62,27,0,0,0,0
61,99,78,110,9,0,0,0,0,0
61,100,175,232,22,9,0,0,0,0
61,101,318,439,31,27,0,0,0,0
61,102,649,859,159,111,0,0,0,0
61,103,110,94,35,18,0,0,0,0
61,104,83,108,6,6,0,0,0,0
61,105,104,154,6,3,0,0,0,0
61,106,44,46,0,0,0,0,0,0
61,107,172,247,24,37,0,0,0,0
61,108,48,82,3,3,0,0,0,0
61,109,57,90,0,0,0,0,0,0
61,110,27,77,0,0,0,0,0,0
61,111,263,395,26,30,0,0,0,0
61,112,111,159,3,9,0,0,0,0
61,113,34,82,0,0,0,0,0,0
61,114,19,33,0,0,0,0,0,0
61,115,63,60,9,0,0,0,0,0
61,116,114,147,9,3,0,0,0,0
61,117,234,387,30,9,0,0,0,0
61,118,14,24,0,0,0,0,0,0
61,119,70,86,6,0,0,0,0,0
61,120,56,84,3,0,0,0,0,0
61,121,36,64,3,0,0,0,0,0
61,122,82,136,6,0,0,0,0,0
61,123,37,60,3,0,0,0,0,0
61,124,48,53,6,3,0,0,0,0
61,125,269,375,33,24,0,0,0,0
61,126,135,223,9,6,0,0,0,0
61,127,9,18,3,3,0,0,0,0
62,62,34,48,6,0,0,0,0,0
62,63,111,151,3,3,0,0,0,0
62,64,6,16,0,0,0,0,0,0
62,68,148,150,17,31,0,0,0,0
62,69,3708,4481,1107,1182,6,0,0,0
62,70,508,674,131,146,0,0,0,0
62,71,70,88,3,7,0,0,0,0
62,72,639,680,48,63,0,0,0,0
62,73,148,191,3,15,0,0,0,0
62,74,84,86,3,0,0,0,0,0
62,75,170,167,18,3,0,0,0,0
62,76,132,134,9,6,0,0,0,0
62,77,129,132,9,11,0,0,0,0
62,78,29,37,0,3,0,0,0,0
62,79,31,40,0,3,0,0,0,0
62,80,295,320,25,25,0,0,0,0
62,81,111,77,6,0,0,0,0,0
62,82,16,19,0,3,0,0,0,0
62,96,150,215,18,9,0,0,0,0
62,97,50,80,3,0,0,0,0,0
62,98,213,307,9,6,0,0,0,0
62,99,130,192,12,6,0,0,0,0
62,100,75,101,6,3,0,0,0,0
62,101,89,131,12,3,0,0,0,0
62,102,64,113,3,0,0,0,0,0
62,103,110,137,3,0,0,0,0,0
62,104,39,62,0,0,0,0,0,0
62,105,40,52,3,3,0,0,0,0
62,106,66,70,6,3,0,0,0,0
62,107,114,174,9,3,0,0,0,0
62,108,771,1027,203,137,0,0,0,0
62,109,469,653,48,63,0,0,0,0
62,110,63,89,0,0,0,0,0,0
62,111,52,82,3,3,0,0,0,0
62,112,186,273,12,21,0,0,0,0
62,113,45,85,0,3,0,0,0,0
62,114,50,95,0,0,0,0,0,0
62,115,35,50,0,3,0,0,0,0
62,116,13,23,0,0,0,0,0,0
62,117,115,144,7,23,0,0,0,0
62,118,132,195,6,13,0,0,0,0
62,119,52,73,3,9,0,0,0,0
62,120,73,119,15,6,0,0,0,0
62,121,68,91,3,3,0,0,0,0
62,122,26,35,4,0,0,0,0,0
62,123,204,310,27,13,0,0,0,0
62,124,107,110,12,9,0,0,0,0
62,125,12,12,0,0,0,0,0,0
62,126,40,62,6,0,0,0,0,0
62,127,24,37,3,0,0,0,0,0
63,62,259,257,18,27,0,0,0,0
63,63,124,159,3,6,0,0,0,0
63,64,8,11,0,0,0,0,0,0
63,68,200,64,3,11,0,0,0,0
63,69,697,776,154,173,0,0,0,0
63,70,812,1198,168,189,0,0,0,0
63,71,1661,2034,321,304,0,0,0,0
63,72,140,177,15,19,0,0,0,0
63,73,61,65,0,0,0,0,0,0
63,74,139,203,12,13,0,0,0,0
63,75,114,144,9,0,0,0,0,0
63,76,144,157,9,7,0,0,0,0
63,77,266,287,13,17,0,0,0,0
63,78,128,146,9,6,0,0,0,0
63,79,94,102,3,9,0,0,0,0
63,80,466,586,66,67,0,0,0,0
63,81,629,591,107,117,0,0,0,0
63,82,3,3,0,0,0,0,0,0
63,96,38,62,3,3,0,0,0,0
63,97,94,158,13,9,0,0,0,0
63,98,125,158,6,3,0,0,0,0
63,99,91,103,0,6,0,0,0,0
63,100,174,225,6,9,0,0,0,0
63,101,63,119,6,3,0,0,0,0
63,102,127,167,12,3,0,0,0,0
63,103,45,89,3,0,0,0,0,0
63,104,50,58,0,0,0,0,0,0
63,105,55,80,3,0,0,0,0,0
63,106,44,59,3,3,0,0,0,0
63,107,108,162,12,3,0,0,0,0
63,108,2124,2050,476,369,0,0,0,0
63,109,597,756,85,84,0,0,0,0
63,110,61,69,6,3,0,0,0,0
63,111,38,65,0,0,0,0,0,0
63,112,67,119,3,3,0,0,0,0
63,113,82,97,6,3,0,0,0,0
63,114,421,532,55,47,0,0,0,0
63,115,42,75,0,0,0,0,0,0
63,116,45,77,3,0,0,0,0,0
63,117,174,294,22,6,0,0,0,0
63,118,66,85,10,3,0,0,0,0
63,119,120,211,18,9,0,0,0,0
63,120,68,115,3,3,0,0,0,0
63,121,81,101,9,0,0,0,0,0
63,122,84,96,3,9,0,0,0,0
63,123,101,142,15,9,0,0,0,0
63,124,13,28,3,0,0,0,0,0
63,125,204,343,30,21,0,0,0,0
63,126,466,640,74,42,0,0,0,0
63,127,55,82,9,3,0,0,0,0
64,62,129,160,15,0,0,0,0,0
64,63,21,20,0,3,0,0,0,0
64,64,0,3,0,0,0,0,0,0
64,65,66,91,0,0,0,0,0,0
64,66,43,81,0,0,0,0,0,0
64,67,44,68,0,0,0,0,0,0
64,68,134,14,0,22,0,0,0,0
64,70,71,90,6,12,0,0,0,0
64,71,345,434,27,64,0,0,0,0
64,72,12,28,0,0,0,0,0,0
64,73,202,241,24,23,0,0,0,0
64,74,367,443,33,59,0,0,0,0
64,75,316,356,36,28,0,0,0,0
64,76,6,10,0,0,0,0,0,0
64,77,452,569,59,39,0,0,0,0
64,78,164,174,3,9,0,0,0,0
64,79,152,141,12,12,0,0,0,0
64,80,260,304,29,41,0,0,0,0
64,81,969,725,183,216,0,0,0,0
64,96,15,19,0,0,0,0,0,0
64,97,109,160,9,9,0,0,0,0
64,98,810,1147,112,112,0,0,0,0
64,99,181,247,21,15,0,0,0,0
64,100,54,81,0,3,0,0,0,0
64,101,54,136,0,3,0,0,0,0
64,102,45,66,0,3,0,0,0,0
64,103,55,88,0,0,0,0,0,0
64,104,97,117,0,3,0,0,0,0
64,105,33,53,0,0,0,0,0,0
64,106,152,230,15,9,0,0,0,0
64,107,61,71,0,0,0,0,0,0
64,108,175,211,15,16,0,0,0,0
64,109,248,349,30,22,0,0,0,0
64,110,31,46,0,0,0,0,0,0
64,111,50,76,3,3,0,0,0,0
64,112,42,60,3,0,0,0,0,0
64,113,40,72,3,3,0,0,0,0
64,114,26,60,0,3,0,0,0,0
64,115,74,157,6,12,0,0,0,0
64,116,40,70,0,3,0,0,0,0
64,117,44,75,3,0,0,0,0,0
64,118,27,44,0,3,0,0,0,0
64,119,203,343,29,12,0,0,0,0
64,120,3,13,0,0,0,0,0,0
64,121,157,200,15,6,0,0,0,0
64,122,40,61,12,0,0,0,0,0
64,123,54,89,9,0,0,0,0,0
64,124,15,43,0,0,0,0,0,0
64,125,41,67,3,0,0,0,0,0
64,126,22,49,0,3,0,0,0,0
64,127,5,26,3,0,0,0,0,0
65,62,67,48,3,12,0,0,0,0
65,63,324,453,29,38,0,0,0,0
65,64,247,278,37,54,0,0,0,0
65,65,596,706,64,116,0,0,0,0
65,66,376,394,62,92,0,0,0,0
65,73,380,490,36,43,0,0,0,0
65,74,1721,2216,465,386,0,0,0,0
65,75,2066,2510,378,399,0,0,0,0
65,76,2392,2758,455,579,0,0,0,0
65,77,822,886,66,89,0,0,0,0
65,78,129,131,15,12,0,0,0,0
65,79,3,6,0,0,0,0,0,0
65,98,786,1036,118,108,0,0,0,0
65,99,422,621,32,49,0,0,0,0
65,100,59,92,3,3,0,0,0,0
65,101,73,111,9,3,0,0,0,0
65,102,119,158,6,9,0,0,0,0
65,103,165,242,15,13,0,0,0,0
65,104,48,102,9,0,0,0,0,0
65,105,46,80,0,0,0,0,0,0
65,106,567,760,125,90,0,0,0,0
65,107,203,230,17,15,0,0,0,0
65,108,54,91,0,0,0,0,0,0
65,109,164,258,6,20,0,0,0,0
65,110,70,89,0,0,0,0,0,0
65,111,46,58,3,0,0,0,0,0
65,112,144,212,9,16,0,0,0,0
65,113,126,164,9,6,0,0,0,0
65,114,9,21,3,0,0,0,0,0
65,115,50,67,3,0,0,0,0,0
65,116,79,135,9,6,0,0,0,0
65,117,191,258,18,3,0,0,0,0
65,118,78,149,3,6,0,0,0,0
65,119,96,144,18,6,0,0,0,0
65,120,74,145,9,9,0,0,0,0
65,121,26,41,0,3,0,0,0,0
65,122,103,140,0,6,0,0,0,0
65,123,1787,2222,384,252,6,0,0,0
65,124,548,697,103,85,0,0,0,0
65,125,161,245,25,9,0,0,0,0
65,126,101,209,18,9,0,0,0,0
65,127,726,877,107,95,0,0,0,0
66,58,4,5,0,0,0,0,0,0
66,61,7,8,0,0,0,0,0,0
66,62,858,972,90,142,3,0,0,0
66,63,764,840,51,100,0,0,0,0
66,64,833,898,295,182,6,0,0,0
66,65,257,288,19,30,0,0,0,0
66,66,13,12,0,6,0,0,0,0
66,67,0,3,0,0,0,0,0,0
66,75,772,793,100,196,0,0,0,0
66,76,1197,1375,194,284,0,0,0,0
66,99,2378,2418,532,509,0,0,0,0
66,100,244,330,15,13,0,0,0,0
66,101,52,83,0,0,0,0,0,0
66,102,71,105,6,6,0,0,0,0
66,103,58,60,3,0,0,0,0,0
66,104,169,208,32,13,0,0,0,0
66,105,45,66,0,0,0,0,0,0
66,106,138,142,16,7,0,0,0,0
66,107,113,133,6,3,0,0,0,0
66,108,420,565,57,39,0,0,0,0
66,109,88,144,17,12,0,0,0,0
66,110,194,287,24,31,0,0,0,0
66,111,65,98,0,3,0,0,0,0
66,112,30,61,0,0,0,0,0,0
66,113,21,56,0,0,0,0,0,0
66,114,34,50,0,0,0,0,0,0
66,115,23,46,0,0,0,0,0,0
66,116,53,80,0,3,0,0,0,0
66,117,130,188,15,3,0,0,0,0
66,118,95,141,9,3,0,0,0,0
66,119,112,159,9,12,0,0,0,0
66,120,213,360,24,6,0,0,0,0
66,121,73,81,9,0,0,0,0,0
66,122,49,54,3,0,0,0,0,0
66,123,156,229,18,9,0,0,0,0
66,124,124,133,3,10,0,0,0,0
66,125,0,3,0,0,0,0,0,0
66,126,3,7,0,0,0,0,0,0
66,127,1121,1301,183,190,0,0,0,0
67,61,0,3,0,0,0,0,0,0
67,62,278,383,21,28,0,0,0,0
67,63,673,736,85,120,0,0,0,0
67,64,1700,1706,309,320,0,0,0,0
67,65,206,304,18,12,0,0,0,0
67,66,60,90,3,6,0,0,0,0
67,67,3,6,0,0,0,0,0,0
67,99,326,398,57,51,0,0,0,0
67,100,382,512,59,56,0,0,0,0
67,101,15,21,0,6,0,0,0,0
67,102,44,49,6,3,0,0,0,0
67,103,81,111,6,3,0,0,0,0
67,104,43,60,0,3,0,0,0,0
67,105,57,72,6,3,0,0,0,0
67,106,41,60,0,0,0,0,0,0
67,107,15,12,3,3,0,0,0,0
67,108,22,38,3,0,0,0,0,0
67,109,135,167,18,9,0,0,0,0
67,110,82,103,9,3,0,0,0,0
67,111,69,59,6,0,0,0,0,0
67,112,42,74,3,0,0,0,0,0
67,113,71,133,3,3,0,0,0,0
67,114,364,571,67,39,3,0,0,0
67,115,59,95,6,6,0,0,0,0
67,116,52,61,6,0,0,0,0,0
67,117,252,354,8,23,0,0,0,0
67,118,177,245,6,9,0,0,0,0
67,119,38,53,9,0,0,0,0,0
67,120,29,68,3,0,0,0,0,0
67,121,327,488,34,32,0,0,0,0
67,122,192,271,33,7,0,0,0,0
67,123,78,143,12,0,0,0,0,0
67,124,119,123,18,15,0,0,0,0
67,125,610,845,98,67,0,0,0,0
67,126,29,25,0,3,0,0,0,0
67,127,365,460,28,38,0,0,0,0
68,62,97,6,0,0,0,0,0,0
68,63,0,3,0,0,0,0,0,0
68,64,91,98,0,7,0,0,0,0
68,65,139,229,12,17,0,0,0,0
68,66,81,107,3,6,0,0,0,0
68,67,212,254,15,18,0,0,0,0
68,68,207,269,28,32,3,0,0,0
68,100,109,181,0,9,0,0,0,0
68,101,164,221,25,15,0,0,0,0
68,102,214,280,21,18,0,0,0,0
68,103,69,100,0,3,0,0,0,0
68,104,43,68,0,0,0,0,0,0
68,105,30,42,3,0,0,0,0,0
68,106,32,46,0,0,0,0,0,0
68,107,148,194,13,12,0,0,0,0
68,108,85,117,9,3,0,0,0,0
68,109,490,725,122,97,0,0,0,0
68,110,79,106,9,12,0,0,0,0
68,111,52,87,0,6,0,0,0,0
68,112,71,92,9,0,0,0,0,0
68,113,156,208,25,12,0,0,0,0
68,114,57,76,3,0,0,0,0,0
68,115,23,29,6,6,0,0,0,0
68,116,1004,1267,207,157,0,0,0,0
68,117,459,734,102,53,0,0,0,0
68,118,103,139,16,6,0,0,0,0
68,119,16,74,0,0,0,0,0,0
68,120,15,43,0,0,0,0,0,0
68,121,32,50,3,6,0,0,0,0
68,122,35,54,3,6,0,0,0,0
68,123,6,11,3,0,0,0,0,0
68,124,153,207,24,17,0,0,0,0
68,125,175,236,29,25,0,0,0,0
68,126,238,324,18,39,0,0,0,0
68,127,54,79,6,0,0,0,0,0
69,64,206,140,20,25,0,0,0,0
69,65,206,299,32,19,0,0,0,0
69,66,120,147,9,9,0,0,0,0
69,67,104,110,6,6,0,0,0,0
69,68,13,22,0,0,0,0,0,0
69,100,20,19,0,3,0,0,0,0
69,101,37,54,0,0,0,0,0,0
69,102,14,15,6,0,0,0,0,0
69,103,42,70,0,0,0,0,0,0
69,104,14,17,0,0,0,0,0,0
69,105,226,285,28,31,0,0,0,3
69,106,34,43,0,3,0,0,0,0
69,107,37,37,0,0,0,0,0,0
69,108,71,73,3,12,0,0,0,0
69,109,272,430,70,40,0,0,0,0
69,110,15,29,0,0,0,0,0,0
69,111,41,50,0,3,0,0,0,0
69,112,121,170,12,9,0,0,0,0
69,113,54,93,3,0,0,0,0,0
69,114,46,91,6,0,0,0,0,0
69,115,225,281,22,12,0,0,0,0
69,116,79,106,0,3,0,0,0,0
69,117,54,89,12,3,0,0,0,0
69,118,246,287,27,24,0,0,0,0
69,119,130,246,9,9,0,0,0,0
69,120,216,344,22,15,0,0,0,0
69,121,495,688,106,83,0,0,0,0
69,122,603,734,90,100,0,0,0,0
69,123,363,407,35,34,0,0,0,0
69,124,86,100,0,6,0,0,0,0
69,125,113,147,21,21,0,0,0,0
69,126,65,92,3,0,0,0,0,0
69,127,28,51,0,0,0,0,0,0
70,63,0,3,0,0,0,0,0,0
70,64,8,9,0,0,0,0,0,0
70,65,56,82,6,3,0,0,0,0
70,66,43,45,0,3,0,0,0,0
70,67,10,17,0,0,0,0,0,0
70,100,3,6,0,0,0,0,0,0
70,101,87,140,9,3,0,0,0,0
70,102,64,84,0,0,0,0,0,0
70,103,88,112,3,6,0,0,0,0
70,104,25,42,3,0,0,0,0,0
70,105,356,471,82,42,0,0,0,0
70,106,53,65,3,3,0,0,0,0
70,107,364,471,45,42,0,0,0,0
70,108,102,146,18,9,0,0,0,0
70,109,37,70,0,3,0,0,0,0
70,110,154,227,13,4,0,0,0,0
70,111,41,59,0,0,0,0,0,0
70,112,143,169,24,12,0,0,0,0
70,113,155,202,6,9,0,0,0,0
70,114,37,64,0,0,0,0,0,0
70,115,24,56,0,0,0,0,0,0
70,116,54,87,0,3,0,0,0,0
70,117,54,84,6,0,0,0,0,0
70,118,214,341,28,12,0,0,0,0
70,119,131,227,6,15,0,0,0,0
70,120,465,728,53,52,0,0,0,0
70,121,90,142,15,6,0,0,0,0
70,122,67,96,3,3,0,0,0,0
70,123,52,65,0,9,0,0,0,0
70,124,118,140,18,13,0,0,0,0
70,125,298,399,43,53,3,0,0,0
70,126,149,141,12,9,0,0,0,0
70,127,341,488,38,33,0,0,0,0
71,101,276,405,75,27,0,0,0,0
71,102,37,34,9,7,0,0,0,0
71,103,32,32,0,0,0,0,0,0
71,104,69,79,0,0,0,0,0,0
71,105,44,53,0,3,0,0,0,0
71,106,48,69,0,0,0,0,0,0
71,107,55,77,3,3,0,0,0,0
71,108,72,108,0,3,0,0,0,0
71,109,69,93,3,3,0,0,0,0
71,110,99,119,6,3,0,0,0,0
71,111,49,104,3,6,0,0,0,0
71,112,83,94,6,0,0,0,0,0
71,113,114,146,9,9,0,0,0,0
71,114,279,400,28,18,0,0,0,0
71,115,39,42,6,0,0,0,0,0
71,116,140,186,11,6,0,0,0,0
71,117,76,111,3,0,0,0,0,0
71,118,40,47,0,6,0,0,0,0
71,119,830,1144,255,144,3,0,0,0
71,120,1226,1417,216,270,3,0,0,0
71,121,106,125,9,12,0,0,0,0
71,122,90,119,0,6,0,0,0,0
71,123,155,225,9,6,0,0,0,0
71,124,155,155,23,6,0,0,0,0
71,125,134,163,0,12,0,0,0,0
71,126,574,606,89,60,3,0,0,0
71,127,471,623,70,65,0,0,0,0
72,101,13,40,3,3,0,0,0,0
72,102,318,400,50,34,0,0,0,0
72,103,43,60,3,0,0,0,0,0
72,104,75,81,53,12,0,0,0,0
72,105,405,547,43,59,0,0,0,0
72,106,81,95,3,9,0,0,0,0
72,107,190,279,25,18,0,0,0,0
72,108,133,134,6,15,0,0,0,0
72,109,566,743,105,152,0,0,0,0
72,110,1030,1373,318,197,0,0,0,0
72,111,24,43,0,0,0,0,0,0
72,112,12,23,0,0,0,0,0,0
72,113,81,125,9,12,0,0,0,0
72,114,87,100,6,3,0,0,0,0
72,115,125,140,3,3,0,0,0,0
72,116,363,466,40,27,0,0,0,0
72,117,282,334,29,16,0,0,0,0
72,118,60,96,0,18,0,0,0,0
72,119,492,792,115,87,0,0,0,0
72,120,434,534,96,98,0,0,0,0
72,121,93,181,6,10,0,0,0,0
72,122,48,68,3,3,0,0,0,0
72,123,302,367,40,28,0,0,0,0
72,124,39,46,3,0,0,0,0,0
72,125,260,308,18,26,0,0,0,0
72,126,56,74,6,0,0,0,0,0
72,127,75,96,9,0,0,0,0,0
73,101,36,21,0,3,0,0,0,0
73,102,25,33,3,0,0,0,0,0
73,103,12,24,0,0,0,0,0,0
73,104,436,484,78,56,0,0,0,0
73,105,458,515,73,75,0,0,0,0
73,106,27,46,0,0,0,0,0,0
73,107,77,144,12,3,0,0,0,0
73,108,285,350,21,53,0,0,0,0
73,109,63,98,0,6,0,0,0,0
73,110,85,134,9,10,0,0,0,0
73,111,164,223,15,20,0,0,0,0
73,112,51,75,0,3,0,0,0,0
73,113,71,85,6,0,0,0,0,0
73,114,138,147,7,6,0,0,0,0
73,115,825,920,187,113,3,0,0,0
73,116,177,282,15,15,0,0,0,0
73,117,132,229,13,9,0,0,0,0
73,118,41,81,0,0,0,0,0,0
73,119,299,345,52,46,0,0,0,0
73,120,185,271,23,15,0,0,0,0
73,121,52,82,0,0,0,0,0,0
73,122,97,137,6,3,0,0,0,0
73,123,55,75,12,3,0,0,0,0
73,124,74,87,0,0,0,0,0,0
73,125,145,198,24,3,0,0,0,0
73,126,28,52,3,0,0,0,0,0
73,127,59,72,3,3,0,0,0,0
74,101,18,10,3,0,0,0,0,0
74,102,36,45,3,0,0,0,0,0
74,103,58,92,18,3,0,0,0,0
74,104,143,137,6,11,0,0,0,0
74,105,28,53,0,3,0,0,0,0
74,106,58,77,3,9,0,0,0,0
74,107,40,70,3,0,0,0,0,0
74,108,34,44,3,6,0,0,0,0
74,109,48,69,6,6,0,0,0,0
74,110,34,52,0,0,0,0,0,0
74,111,241,297,46,31,0,0,0,0
74,112,118,123,12,6,0,0,0,0
74,113,50,89,3,3,0,0,0,0
74,114,206,289,27,16,0,0,0,0
74,115,71,96,0,3,0,0,0,0
74,116,48,60,3,0,0,0,0,0
74,117,86,127,9,0,0,0,0,0
74,118,79,120,3,6,0,0,0,0
74,119,37,55,0,3,0,0,0,0
74,120,75,76,0,3,0,0,0,0
74,121,242,316,31,12,0,0,0,0
74,122,99,139,9,12,0,0,0,0
74,123,89,100,3,0,0,0,0,0
74,124,708,866,87,94,0,0,0,0
74,125,237,341,15,22,0,0,0,0
74,126,121,156,12,15,0,0,0,0
74,127,55,100,3,0,0,0,0,0
75,101,3,3,3,0,0,0,0,0
75,102,343,430,52,18,0,0,0,0
75,103,69,79,10,3,0,0,0,0
75,104,565,836,85,143,0,0,0,0
75,105,28,39,0,0,0,0,0,0
75,106,82,143,6,13,0,0,0,0
75,107,49,87,3,0,0,0,0,0
75,108,54,96,6,3,0,0,0,0
75,109,301,369,30,26,0,0,0,0
75,110,130,174,6,9,0,0,0,0
75,111,68,84,15,3,0,0,0,0
75,112,25,38,3,3,0,0,0,0
75,113,43,86,3,3,0,0,0,0
75,114,58,84,6,3,0,0,0,0
75,115,31,50,0,0,0,0,0,0
75,116,42,82,3,0,0,0,0,0
75,117,72,100,3,3,0,0,0,0
75,118,155,228,18,25,0,0,0,0
75,119,279,386,33,21,0,0,0,0
75,120,134,165,8,3,0,0,0,0
75,121,73,81,0,3,0,0,0,0
75,122,432,589,59,36,0,0,0,0
75,123,73,89,12,6,0,0,0,0
75,124,253,279,63,21,0,0,0,0
75,125,217,324,34,27,0,0,0,0
75,126,103,182,24,12,0,0,0,0
75,127,32,41,0,3,0,0,0,0
76,102,10,16,0,0,0,0,0,0
76,103,49,63,0,0,0,0,0,0
76,104,126,215,36,40,0,0,0,0
76,105,28,49,6,6,0,0,0,0
76,106,5,12,3,0,0,0,0,0
76,107,1046,1444,312,240,0,0,0,0
76,108,41,58,0,9,0,0,0,0
76,109,51,62,0,9,0,0,0,0
76,110,118,184,6,6,0,0,0,0
76,111,108,135,21,3,0,0,0,0
76,112,64,103,14,0,0,0,0,0
76,113,153,149,12,19,0,0,0,0
76,114,629,668,60,93,0,0,0,0
76,115,68,96,6,0,0,0,0,0
76,116,200,264,15,23,0,0,0,0
76,117,55,90,6,3,0,0,0,0
76,118,50,69,0,0,0,0,0,0
76,119,156,209,3,20,0,0,0,0
76,120,227,289,14,25,0,0,0,0
76,121,265,330,26,21,0,0,0,0
76,122,132,164,12,6,0,0,0,0
76,123,178,223,12,9,0,0,0,0
76,124,252,353,31,23,0,0,0,0
76,125,287,426,62,41,0,0,0,0
76,126,32,58,6,0,0,0,0,0
76,127,169,289,42,30,0,0,0,0
77,103,397,524,87,99,3,0,0,0
77,104,360,715,286,182,0,0,0,0
77,105,97,206,51,61,0,0,0,0
77,106,214,260,15,16,0,0,0,0
77,107,2239,2836,448,490,0,0,0,0
77,108,661,862,90,99,0,0,0,0
77,109,859,1046,166,143,0,0,0,0
77,110,489,683,59,67,0,0,0,0
77,111,53,97,0,3,0,0,0,0
77,112,56,54,0,3,0,0,0,0
77,113,180,252,15,9,0,0,0,0
77,114,911,1028,164,178,0,0,0,0
77,115,190,247,11,16,0,0,0,0
77,116,31,37,0,0,0,0,0,0
77,118,72,85,0,12,0,0,0,0
77,119,99,122,9,9,0,0,0,0
77,120,57,81,0,3,0,0,0,0
77,121,155,216,27,9,0,0,0,0
77,122,94,121,0,10,0,0,0,0
77,123,147,179,13,9,0,0,0,0
77,124,291,388,40,3,0,0,0,0
77,125,349,480,57,53,0,0,0,0
77,126,92,122,12,3,0,0,0,0
77,127,84,146,9,12,0,0,0,0
78,104,99,185,36,32,0,0,0,0
78,105,307,536,81,106,0,0,0,0
78,106,39,37,3,3,0,0,0,0
78,107,153,178,12,6,0,0,0,0
78,108,132,182,12,3,0,0,0,0
78,109,336,471,76,61,0,0,0,0
78,110,30,35,0,0,0,0,0,0
78,111,200,242,22,33,0,0,0,0
78,112,95,127,3,7,0,0,0,0
78,113,51,87,0,6,0,0,0,0
78,114,217,271,20,11,0,0,0,0
78,115,119,162,3,9,0,0,0,0
78,116,46,68,0,0,0,0,0,0
78,117,161,256,16,29,0,0,0,0
78,118,580,676,79,80,0,0,0,0
78,119,215,317,19,12,0,0,0,0
78,120,95,125,3,3,0,0,0,0
78,121,178,216,12,9,0,0,0,0
78,122,111,128,3,6,0,0,0,0
78,123,249,273,15,43,3,0,0,0
78,124,78,116,3,12,0,0,0,0
78,125,660,836,132,106,0,0,0,0
78,126,435,461,86,48,0,0,0,0
78,127,225,340,43,21,0,0,0,0
79,105,77,91,11,6,0,0,0,0
79,106,83,107,0,0,0,0,0,0
79,107,248,352,35,41,0,0,0,0
79,108,103,173,9,3,0,0,0,0
79,109,40,45,3,0,0,0,0,0
79,110,158,184,34,34,0,0,0,0
79,111,162,205,21,21,0,0,0,0
79,112,89,127,3,0,0,0,0,0
79,113,33,51,0,6,0,0,0,0
79,114,592,748,52,73,0,0,0,0
79,115,34,67,3,0,0,0,0,0
79,116,157,175,57,30,0,0,0,0
79,117,3174,3473,589,675,6,0,0,0
79,118,373,429,34,78,0,0,0,0
79,119,47,52,6,6,0,0,0,0
79,120,551,720,89,87,0,0,0,0
79,121,494,647,57,50,0,0,0,0
79,122,299,414,41,36,0,0,0,0
79,123,456,503,58,55,0,0,0,0
79,124,106,123,13,7,0,0,0,0
79,125,234,301,25,19,0,0,0,0
79,126,202,306,18,7,0,0,0,0
79,127,81,111,9,9,0,0,0,0
80,106,3,3,0,0,0,0,0,0
80,107,132,193,15,15,0,0,0,0
80,108,229,296,17,32,0,0,0,0
80,109,172,243,18,7,0,0,0,0
80,110,54,100,6,13,0,0,0,0
80,111,446,526,65,87,0,0,0,0
80,112,80,98,0,3,0,0,0,0
80,113,51,86,0,0,0,0,0,0
80,114,66,108,6,6,0,0,0,0
80,116,1851,2053,349,389,0,0,0,0
80,117,1172,1209,206,271,3,0,0,0
80,118,179,229,9,12,0,0,0,0
80,119,422,540,40,39,0,0,0,0
80,120,296,399,27,31,0,0,0,0
80,121,697,791,96,94,0,0,0,0
80,122,145,175,3,10,0,0,0,0
80,123,79,108,12,6,0,0,0,0
80,124,63,99,3,0,0,0,0,0
80,125,204,265,24,17,0,0,0,0
80,126,146,162,12,22,0,0,0,0
80,127,92,101,12,6,0,0,0,0
81,110,18,21,0,0,0,0,0,0
81,111,168,211,68,47,0,0,0,0
81,112,322,414,21,35,0,0,0,0
81,113,362,468,45,59,0,0,0,0
81,114,192,229,0,9,0,0,0,0
81,116,1416,978,242,147,6,0,0,0
81,117,4269,2891,736,763,15,0,0,0
81,118,432,559,35,52,0,0,0,0
81,119,133,175,3,15,0,0,0,0
81,120,64,67,9,3,0,0,0,0
81,121,66,79,6,0,0,0,0,0
81,122,124,155,3,15,0,0,0,0
81,123,183,239,15,19,0,0,0,0
81,124,79,124,9,3,0,0,0,0
81,125,196,264,36,12,0,0,0,0
81,126,168,234,13,15,0,0,0,0
81,127,103,137,18,6,0,0,0,0
82,113,3,9,0,3,0,0,0,0
82,114,0,3,0,0,0,0,0,0
82,116,275,301,89,38,0,0,0,0
82,117,3802,1764,323,447,0,0,0,0
82,118,1741,1905,329,373,3,0,0,0
82,119,586,710,109,102,0,0,0,0
82,120,857,1143,114,142,0,0,0,0
82,121,214,253,13,12,0,0,0,0
82,122,793,925,104,101,0,0,0,0
82,123,575,579,107,71,0,0,0,0
82,124,276,308,18,33,0,0,0,0
82,125,133,157,8,15,0,0,0,0
82,126,78,80,8,3,0,0,0,0
82,127,54,68,9,0,0,0,0,0
83,116,7,10,0,0,0,0,0,0
83,117,814,1016,180,169,6,0,0,0
83,118,863,1194,167,133,0,0,0,0
83,119,460,609,68,87,0,0,0,0
83,120,166,189,19,12,0,0,0,0
83,121,189,246,18,13,0,0,0,0
83,122,386,496,32,52,0,0,0,0
83,123,276,305,15,21,0,0,0,0
83,124,121,147,12,9,0,0,0,0
83,125,102,174,9,16,0,0,0,0
83,126,252,287,67,12,0,0,0,0
83,127,151,188,12,15,0,0,0,0
84,118,65,96,12,9,0,0,0,0
84,119,354,461,61,35,0,0,0,0
84,120,170,201,6,6,0,0,0,0
84,121,42,44,3,3,0,0,0,0
84,122,292,360,33,27,0,0,0,0
84,123,250,309,23,26,0,0,0,0
84,124,236,279,30,9,0,0,0,0
84,125,247,360,27,16,0,0,0,0
84,126,397,534,89,63,0,0,0,0
84,127,207,269,12,9,0,0,0,0
85,117,25,25,0,0,0,0,0,0
85,118,444,560,33,57,0,0,0,0
85,119,226,314,15,31,0,0,0,0
85,120,148,211,19,7,0,0,0,0
85,121,52,54,9,0,0,0,0,0
85,122,90,108,6,3,0,0,0,0
85,123,89,124,6,6,0,0,0,0
85,124,128,132,21,3,0,0,0,0
85,125,163,213,15,9,0,0,0,0
85,126,125,138,3,9,0,0,0,0
85,127,42,64,3,3,0,0,0,0
86,116,11,30,3,0,0,0,0,0
86,117,162,223,26,25,0,0,0,0
86,118,63,96,10,0,0,0,0,0
86,119,115,173,18,6,0,0,0,0
86,120,246,329,31,24,0,0,0,0
86,121,109,146,0,3,0,0,0,0
86,122,258,393,15,12,0,0,0,0
86,123,12,20,0,3,0,0,0,0
86,124,96,120,6,5,0,0,0,0
86,125,185,212,62,20,3,0,0,0
86,126,923,1036,179,168,0,0,0,0
86,127,199,254,24,15,0,0,0,0
87,117,127,186,31,10,0,0,0,0
87,118,140,163,15,6,0,0,0,0
87,119,181,259,25,6,0,0,0,0
87,120,188,201,6,15,0,0,0,0
87,121,355,441,44,36,0,0,0,0
87,122,678,881,191,62,0,0,0,0
87,123,220,323,39,18,0,0,0,0
87,124,94,135,3,9,0,0,0,0
87,125,90,108,6,6,0,0,0,0
87,126,731,887,112,130,0,0,0,0
87,127,227,293,18,19,0,0,0,0
88,116,499,514,161,98,0,0,0,0
88,117,44,51,3,0,0,0,0,0
88,118,228,324,21,13,0,0,0,0
88,119,201,277,19,7,0,0,0,0
88,120,118,150,6,9,0,0,0,0
88,121,676,804,94,90,0,0,0,0
88,122,483,645,104,60,0,0,0,0
88,123,116,151,12,0,0,0,0,0
88,124,18,15,3,0,0,0,0,0
88,125,238,323,31,3,0,0,0,0
88,126,189,248,25,22,0,0,0,0
88,127,66,96,0,0,0,0,0,0
89,115,8,13,0,0,0,0,0,0
89,116,335,489,80,55,0,0,0,0
89,117,391,443,31,45,0,0,0,0
89,118,355,427,40,33,0,0,0,0
89,119,390,476,34,9,0,0,0,0
89,120,246,363,37,19,0,0,0,0
89,121,377,517,32,35,0,0,0,0
89,122,97,114,3,3,0,0,0,0
89,123,46,56,9,0,0,0,0,0
89,124,78,114,10,3,0,0,0,0
89,125,183,172,22,9,0,0,0,0
89,126,95,131,9,6,0,0,0,0
89,127,169,232,17,9,0,0,0,0
90,115,24,15,3,0,0,0,0,0
90,116,64,66,6,3,0,0,0,0
90,117,231,299,40,15,0,0,0,0
90,118,94,145,18,6,0,0,0,0
90,119,133,176,6,3,0,0,0,0
90,120,88,101,3,3,0,0,0,0
90,121,45,80,6,0,0,0,0,0
90,122,37,53,3,0,0,0,0,0
90,123,248,313,18,27,0,0,0,0
90,124,59,83,6,0,0,0,0,0
90,125,145,162,15,0,0,0,0,0
90,126,383,446,39,29,0,0,0,0
90,127,70,84,3,3,0,0,0,0
91,114,30,59,6,0,0,0,0,0
91,115,55,67,3,3,0,0,0,0
91,116,14,15,0,0,0,0,0,0
91,117,28,51,3,0,0,0,0,0
91,118,30,47,3,0,0,0,0,0
91,119,155,202,16,12,0,0,0,0
91,120,68,103,6,3,0,0,0,0
91,121,18,35,0,0,0,0,0,0
91,122,53,62,0,0,0,0,0,0
91,123,108,140,6,9,0,0,0,0
91,124,176,225,15,27,0,0,0,0
91,125,75,103,3,0,0,0,0,0
91,126,193,221,3,12,0,0,0,0
91,127,134,160,9,6,0,0,0,0
92,114,3,10,3,0,0,0,0,0
92,115,133,186,20,3,0,0,0,0
92,116,19,27,6,0,0,0,0,0
92,117,38,49,3,8,0,0,0,0
92,118,308,369,42,12,0,0,0,0
92,119,51,73,6,0,0,0,0,0
92,120,73,106,0,6,0,0,0,0
92,121,61,86,3,0,0,0,0,0
92,122,61,74,0,0,0,0,0,0
92,123,65,94,0,0,0,0,0,0
92,124,115,171,3,3,0,0,0,0
92,125,78,83,3,3,0,0,0,0
92,126,135,173,12,6,0,0,0,0
92,127,361,428,88,22,0,0,0,0
93,116,3,4,0,0,0,0,0,0
93,117,81,113,6,0,0,0,0,0
93,118,53,74,3,0,0,0,0,0
93,119,68,83,6,6,0,0,0,0
93,120,132,173,21,6,0,0,0,0
93,121,35,46,3,0,0,0,0,0
93,122,64,80,0,3,0,0,0,0
93,123,46,78,3,3,0,0,0,0
93,124,74,122,0,3,0,0,0,0
93,125,180,255,15,3,0,0,0,0
93,126,62,86,12,0,0,0,0,0
93,127,89,142,6,15,0,0,0,0
94,118,123,160,9,3,0,0,0,0
94,119,521,646,112,27,0,0,0,0
94,120,129,155,9,0,0,0,0,0
94,121,50,67,3,3,0,0,0,0
94,122,94,108,3,3,0,0,0,0
94,123,81,104,0,0,0,0,0,0
94,124,109,127,0,3,0,0,0,0
94,125,236,236,12,11,0,0,0,0
94,126,88,117,3,0,0,0,0,0
94,127,170,191,13,12,0,0,0,0
95,120,71,84,6,0,0,0,0,0
95,121,14,22,3,0,0,0,0,0
95,122,16,18,0,0,0,0,0,0
95,124,13,16,0,3,0,0,0,0
95,125,4,3,0,0,0,0,0,0